0 0.89140625 0.94140625 0.10859375 0.1109375
1 0.54765625 0.66015625 0.0390625 0.06171875
1 0.5765625 0.7171875 0.03203125 0.06015625
1 0.76328125 0.6046875 0.03984375 0.05234375
2 0.6515625 0.70703125 0.0484375 0.05546875
2 0.5921875 0.59609375 0.04921875 0.07265625
2 0.63359375 0.8921875 0.06328125 0.18515625
0 0.49296875 0.4640625 0.03671875 0.08515625
0 0.5609375 0.43125 0.0640625 0.07578125
0 0.57109375 0.4796875 0.04921875 0.04921875
0 0.63515625 0.49453125 0.03671875 0.08203125
0 0.6296875 0.58828125 0.034375 0.08984375
0 0.66953125 0.59140625 0.071875 0.06796875
0 0.6734375 0.64375 0.040625 0.04921875
0 0.703125 0.6625 0.0296875 0.04765625
0 0.72265625 0.7234375 0.02890625 0.06171875
0 0.74921875 0.77109375 0.034375 0.06640625
0 0.77265625 0.5359375 0.0265625 0.05703125
0 0.72265625 0.64375 0.040625 0.05546875
0 0.75234375 0.69296875 0.03359375 0.04921875