1 0.65546875 0.6984375 0.0515625 0.06640625
1 0.64375 0.89296875 0.05625 0.11875
0 0.57109375 0.434375 0.04921875 0.05078125
0 0.4984375 0.459375 0.0421875 0.09140625
0 0.57578125 0.4765625 0.065625 0.06171875
0 0.63203125 0.4859375 0.03203125 0.05234375
0 0.58984375 0.5984375 0.040625 0.06171875
0 0.62890625 0.5921875 0.03359375 0.07578125
0 0.66953125 0.6 0.04140625 0.07734375
0 0.67890625 0.65390625 0.0453125 0.04453125
0 0.7140625 0.67578125 0.02578125 0.05859375
0 0.72265625 0.71953125 0.03203125 0.05703125
0 0.75390625 0.76328125 0.03046875 0.05703125
0 0.76640625 0.60625 0.04140625 0.06796875
0 0.8984375 0.9453125 0.11875 0.109375
0 0.75859375 0.69765625 0.04375 0.06796875