0 0.89375 0.94453125 0.10859375 0.10625
2 0.634375 0.89453125 0.0828125 0.1125
1 0.55078125 0.67578125 0.0375 0.07421875
1 0.76875 0.60234375 0.040625 0.05390625
0 0.49296875 0.46328125 0.03671875 0.05234375
0 0.5671875 0.4296875 0.053125 0.06953125
0 0.56015625 0.4765625 0.071875 0.06171875
0 0.6421875 0.48046875 0.04453125 0.08515625
0 0.5890625 0.59296875 0.0421875 0.06796875
0 0.6328125 0.5890625 0.034375 0.08203125
0 0.671875 0.59296875 0.06796875 0.07109375
0 0.67578125 0.65 0.0546875 0.04921875
0 0.7328125 0.73125 0.03671875 0.06796875
0 0.7546875 0.7640625 0.03359375 0.06484375
0 0.7828125 0.80625 0.02890625 0.05390625