0 0.8921875 0.94140625 0.11484375 0.1109375
1 0.55625 0.6703125 0.046875 0.06328125
1 0.5828125 0.72734375 0.04140625 0.06640625
2 0.590625 0.59765625 0.034375 0.06640625
2 0.646875 0.703125 0.04140625 0.06015625
2 0.65859375 0.89296875 0.103125 0.146875
1 0.771875 0.61171875 0.05 0.06640625
0 0.5671875 0.43203125 0.0375 0.07109375
0 0.5015625 0.4640625 0.0421875 0.05390625
0 0.56328125 0.47109375 0.08359375 0.09140625
0 0.6375 0.48671875 0.040625 0.06640625
0 0.63359375 0.584375 0.02421875 0.07890625
0 0.671875 0.5828125 0.05390625 0.109375
0 0.67109375 0.634375 0.05625 0.05859375
0 0.72578125 0.72890625 0.02890625 0.06328125
0 0.75078125 0.77109375 0.01875 0.05078125
0 0.77890625 0.8046875 0.02578125 0.05390625
0 0.803125 0.746875 0.04375 0.08359375
0 0.725 0.646875 0.03046875 0.04609375
0 0.71015625 0.68125 0.0234375 0.06015625
0 0.75859375 0.69453125 0.02578125 0.05546875
0 0.771875 0.5359375 0.03125 0.07265625