2 0.5453125 0.58203125 0.10390625 0.06484375
0 0.3609375 0.94453125 0.11171875 0.109375
2 0.34765625 0.65390625 0.11484375 0.14921875
0 0.46640625 0.94453125 0.09765625 0.096875
0 0.69375 0.3859375 0.05703125 0.1078125
0 0.5640625 0.5109375 0.06796875 0.0953125
0 0.48046875 0.465625 0.06171875 0.1
0 0.47421875 0.41015625 0.04453125 0.08671875
0 0.43671875 0.4453125 0.06875 0.10625
0 0.4734375 0.5734375 0.084375 0.07578125
0 0.47578125 0.6515625 0.09453125 0.1140625
2 0.31328125 0.88359375 0.14375 0.18359375
0 0.31484375 0.5984375 0.06953125 0.1078125
0 0.38359375 0.42421875 0.059375 0.07109375
2 0.38671875 0.52265625 0.0390625 0.06328125
0 0.13671875 0.515625 0.0984375 0.1140625
0 0.04453125 0.56015625 0.06796875 0.08359375
0 0.6609375 0.61796875 0.0625 0.134375
0 0.7203125 0.52890625 0.0640625 0.103125
0 0.02578125 0.8953125 0.0515625 0.209375
2 0.11171875 0.90078125 0.1609375 0.1984375
0 0.23359375 0.5484375 0.0625 0.1125
0 0.5609375 0.32421875 0.046875 0.08046875