0 0.890625 0.9390625 0.11328125 0.11328125
1 0.55859375 0.6640625 0.04765625 0.07578125
1 0.578125 0.7265625 0.03671875 0.06796875
1 0.76796875 0.60625 0.040625 0.07109375
1 0.8109375 0.7421875 0.053125 0.06171875
1 0.66328125 0.715625 0.03828125 0.07578125
2 0.634375 0.8921875 0.0609375 0.1296875
2 0.5953125 0.5921875 0.0375 0.06640625
0 0.496875 0.46875 0.04375 0.07421875
0 0.56796875 0.43203125 0.0640625 0.04609375
0 0.56796875 0.4734375 0.04921875 0.06171875
0 0.63828125 0.48125 0.04140625 0.08671875
0 0.6265625 0.58671875 0.04375 0.08984375
0 0.67734375 0.5875 0.06171875 0.06953125
0 0.678125 0.6453125 0.053125 0.06796875
0 0.721875 0.7203125 0.03046875 0.05234375
0 0.725 0.65390625 0.02578125 0.05390625
0 0.75078125 0.76640625 0.03984375 0.07265625
0 0.784375 0.8046875 0.0390625 0.05390625