0 0.88984375 0.94140625 0.11171875 0.109375
1 0.55390625 0.66875 0.04765625 0.06328125
1 0.57734375 0.72421875 0.02109375 0.03203125
2 0.584375 0.5890625 0.046875 0.08203125
2 0.64765625 0.7140625 0.03671875 0.07890625
2 0.69140625 0.8921875 0.0703125 0.0984375
1 0.7640625 0.6 0.03671875 0.06484375
0 0.496875 0.46171875 0.04453125 0.06171875
0 0.56328125 0.42578125 0.0640625 0.05234375
0 0.56484375 0.4734375 0.0546875 0.04296875
0 0.6265625 0.5859375 0.02265625 0.06015625
0 0.63125 0.48515625 0.02265625 0.05703125
0 0.6703125 0.59375 0.05546875 0.07734375
0 0.725 0.725 0.02421875 0.05234375
0 0.71015625 0.67890625 0.04140625 0.06171875
0 0.675 0.65078125 0.0453125 0.05390625
0 0.75390625 0.765625 0.03203125 0.06796875
0 0.75625 0.7015625 0.0265625 0.04140625
0 0.78046875 0.79765625 0.03203125 0.06484375
0 0.68984375 0.503125 0.040625 0.07109375