0 0.89296875 0.94453125 0.1125 0.10859375
0 0.6703125 0.603125 0.10234375 0.10546875
1 0.75859375 0.61015625 0.0421875 0.06640625
0 0.72421875 0.71875 0.03203125 0.07890625
0 0.75078125 0.7703125 0.02578125 0.06796875
0 0.81015625 0.74296875 0.0390625 0.05078125
0 0.7859375 0.80390625 0.0390625 0.06484375
0 0.56953125 0.4703125 0.05390625 0.04609375
0 0.57109375 0.42578125 0.025 0.03359375
0 0.6390625 0.48828125 0.04921875 0.08828125
2 0.59453125 0.59453125 0.0390625 0.04765625
1 0.55625 0.6703125 0.03359375 0.05390625
0 0.9328125 0.875 0.0546875 0.07734375
0 0.6328125 0.8828125 0.0453125 0.07109375
0 0.603125 0.91640625 0.046875 0.08046875
2 0.6515625 0.70078125 0.0390625 0.06171875