1 0.89375 0.94609375 0.11171875 0.10390625
0 0.67421875 0.5984375 0.09375 0.0984375
0 0.56640625 0.434375 0.0359375 0.05078125
0 0.57109375 0.46875 0.04140625 0.05546875
0 0.634375 0.49921875 0.0296875 0.06640625
1 0.7671875 0.60859375 0.03046875 0.07265625
0 0.72265625 0.7234375 0.04609375 0.07421875
0 0.7515625 0.76640625 0.03359375 0.05703125
0 0.78203125 0.80703125 0.03359375 0.05859375
1 0.80625 0.75234375 0.0421875 0.06328125
0 0.65390625 0.6984375 0.03125 0.04140625
0 0.49140625 0.4625 0.025 0.05078125
1 0.54921875 0.6609375 0.02890625 0.05703125
2 0.59296875 0.59375 0.04375 0.04765625
0 0.57734375 0.721875 0.0328125 0.03984375
0 0.92890625 0.87578125 0.06328125 0.07578125
0 0.771875 0.5390625 0.03828125 0.05390625