2 0.55 0.58203125 0.09609375 0.06484375
0 0.3578125 0.94453125 0.1046875 0.10859375
0 0.56015625 0.50390625 0.09609375 0.103125
0 0.46328125 0.64765625 0.10703125 0.0953125
0 0.46328125 0.94609375 0.1015625 0.09453125
2 0.3421875 0.64453125 0.12578125 0.1765625
0 0.32734375 0.875 0.13984375 0.1546875
0 0.7015625 0.37578125 0.06015625 0.06953125
0 0.47890625 0.4765625 0.0609375 0.07109375
0 0.4234375 0.43984375 0.04921875 0.08046875
1 0.128125 0.43515625 0.05546875 0.05859375
0 0.0328125 0.54609375 0.0578125 0.08359375
0 0.47578125 0.39765625 0.04453125 0.09375
0 0.38203125 0.42578125 0.059375 0.1140625
0 0.3921875 0.509375 0.05390625 0.05859375
0 0.28359375 0.45078125 0.0546875 0.05859375
0 0.2515625 0.55 0.0765625 0.09375
2 0.11796875 0.90390625 0.1265625 0.1921875
0 0.6609375 0.621875 0.0609375 0.1421875
0 0.71875 0.5265625 0.046875 0.08359375