0 0.89296875 0.94609375 0.10390625 0.10390625
1 0.5578125 0.6765625 0.040625 0.06953125
1 0.5875 0.73203125 0.040625 0.05390625
1 0.7671875 0.60859375 0.04453125 0.06015625
1 0.8078125 0.74375 0.04609375 0.03671875
2 0.66328125 0.8859375 0.115625 0.1140625
2 0.6390625 0.484375 0.053125 0.07109375
0 0.49453125 0.459375 0.0328125 0.05703125
0 0.56796875 0.425 0.0359375 0.05078125
0 0.57734375 0.46875 0.0671875 0.06796875
0 0.5890625 0.59609375 0.034375 0.06328125
0 0.63359375 0.58671875 0.02578125 0.08984375
0 0.675 0.59765625 0.05625 0.06015625
0 0.6890625 0.64609375 0.0453125 0.05078125
0 0.70546875 0.6671875 0.03359375 0.04140625
0 0.7234375 0.7109375 0.0296875 0.04765625
0 0.7546875 0.77421875 0.02265625 0.05078125
0 0.78359375 0.80390625 0.02578125 0.03984375
0 0.72421875 0.65078125 0.025 0.05078125
0 0.928125 0.87421875 0.05390625 0.07578125