0 0.90078125 0.94296875 0.09296875 0.11171875
2 0.64921875 0.88984375 0.065625 0.1
1 0.55703125 0.67265625 0.0421875 0.08046875
1 0.57578125 0.71796875 0.0421875 0.08671875
1 0.77265625 0.61875 0.05625 0.08046875
0 0.49375 0.45625 0.046875 0.07265625
0 0.5671875 0.434375 0.0390625 0.04453125
0 0.57109375 0.4671875 0.06484375 0.05390625
0 0.6390625 0.4921875 0.04765625 0.06171875
0 0.59609375 0.59453125 0.046875 0.05078125
0 0.62734375 0.59296875 0.0265625 0.07734375
0 0.67421875 0.6015625 0.0625 0.08359375
0 0.7203125 0.71875 0.046875 0.07109375
0 0.74921875 0.75390625 0.03203125 0.07265625
0 0.8078125 0.74296875 0.03671875 0.03828125
0 0.78359375 0.7921875 0.0265625 0.05703125