0 0.89296875 0.94609375 0.10625 0.1015625
1 0.56484375 0.6859375 0.0484375 0.096875
1 0.65703125 0.71015625 0.03203125 0.04296875
2 0.59296875 0.59375 0.0421875 0.05234375
2 0.64140625 0.48984375 0.03671875 0.06015625
0 0.49375 0.46875 0.04609375 0.07578125
0 0.56328125 0.43359375 0.06015625 0.05234375
0 0.571875 0.47578125 0.06875 0.06328125
0 0.63203125 0.5875 0.02890625 0.07890625
0 0.66875 0.59375 0.059375 0.08828125
0 0.7296875 0.6515625 0.03671875 0.05859375
0 0.6796875 0.6453125 0.04140625 0.04921875
0 0.753125 0.7671875 0.02421875 0.05546875
1 0.7609375 0.6 0.040625 0.05546875
1 0.725 0.7234375 0.03125 0.05546875