2 0.54921875 0.58203125 0.09609375 0.06640625
0 0.35859375 0.94453125 0.1078125 0.10859375
2 0.3453125 0.6515625 0.11640625 0.15625
0 0.5578125 0.503125 0.10546875 0.1015625
0 0.46484375 0.6484375 0.10390625 0.09609375
0 0.4640625 0.94453125 0.09921875 0.09375
0 0.309375 0.8828125 0.12421875 0.1453125
0 0.65625 0.6140625 0.07109375 0.1453125
0 0.72578125 0.5390625 0.09609375 0.134375
0 0.6875 0.3890625 0.05546875 0.07109375
0 0.4171875 0.4421875 0.06015625 0.09140625
0 0.46796875 0.40078125 0.04921875 0.08828125
0 0.478125 0.47421875 0.06015625 0.08828125
0 0.37265625 0.41953125 0.05703125 0.08046875
0 0.13984375 0.51640625 0.084375 0.07578125
0 0.03046875 0.89609375 0.0609375 0.2078125
2 0.11171875 0.8921875 0.1296875 0.215625
0 0.31015625 0.60234375 0.07578125 0.14375
1 0.175 0.34375 0.0671875 0.08671875
1 0.12421875 0.43046875 0.0640625 0.05859375
0 0.03671875 0.55859375 0.0734375 0.1015625
0 0.240625 0.5484375 0.07578125 0.103125