2 0.55078125 0.58203125 0.09296875 0.06484375
0 0.4625 0.56953125 0.11171875 0.08203125
0 0.359375 0.94453125 0.10703125 0.109375
2 0.34453125 0.64609375 0.1171875 0.1515625
0 0.46796875 0.94453125 0.09921875 0.0953125
0 0.315625 0.86875 0.14296875 0.1359375
0 0.03046875 0.91171875 0.0609375 0.1703125
2 0.10390625 0.8953125 0.1296875 0.209375
0 0.70078125 0.3953125 0.05546875 0.08046875
0 0.71640625 0.5203125 0.05390625 0.1015625
0 0.65 0.6078125 0.06875 0.1140625
0 0.3703125 0.43671875 0.0484375 0.08984375
0 0.4234375 0.453125 0.0453125 0.1
0 0.4671875 0.39375 0.05546875 0.07734375
0 0.46640625 0.46953125 0.06875 0.09140625
0 0.22734375 0.55078125 0.0828125 0.1015625
0 0.15625 0.53046875 0.078125 0.08515625
0 0.56171875 0.50546875 0.0609375 0.09375
0 0.46640625 0.64765625 0.08515625 0.096875
0 0.61328125 0.51640625 0.04765625 0.07890625