2 0.55 0.58125 0.09375 0.06796875
0 0.46328125 0.64453125 0.10703125 0.0953125
0 0.36171875 0.94453125 0.1140625 0.109375
2 0.34453125 0.64453125 0.11640625 0.1453125
0 0.69453125 0.38046875 0.06015625 0.07890625
0 0.72109375 0.52265625 0.059375 0.09375
0 0.659375 0.6046875 0.06484375 0.1234375
0 0.47734375 0.9203125 0.09921875 0.11875
0 0.31328125 0.8578125 0.12265625 0.1484375
0 0.025 0.896875 0.05 0.20625
2 0.11171875 0.89609375 0.1203125 0.2078125
0 0.36796875 0.43125 0.06484375 0.08515625
0 0.42265625 0.45625 0.053125 0.10625
0 0.46953125 0.3953125 0.04609375 0.08046875
0 0.48046875 0.4703125 0.05625 0.1046875
0 0.55234375 0.490625 0.05625 0.1046875
0 0.61328125 0.51328125 0.06015625 0.103125
0 0.2375 0.553125 0.090625 0.08515625
0 0.175 0.3421875 0.05703125 0.06953125