2 0.54765625 0.58203125 0.1 0.06875
0 0.46171875 0.6484375 0.10625 0.1
0 0.36015625 0.94453125 0.11171875 0.109375
2 0.34375 0.64765625 0.11875 0.16171875
0 0.4671875 0.94453125 0.1 0.09375
0 0.55625 0.503125 0.11171875 0.1015625
0 0.38203125 0.434375 0.0640625 0.096875
2 0.1015625 0.89296875 0.203125 0.2140625
0 0.2984375 0.86953125 0.134375 0.17421875
0 0.65546875 0.615625 0.05703125 0.1328125
0 0.46171875 0.57265625 0.0703125 0.08671875
0 0.22578125 0.55234375 0.103125 0.1265625
0 0.42734375 0.43671875 0.0546875 0.1171875
0 0.47265625 0.396875 0.0421875 0.08671875
0 0.478125 0.46875 0.0453125 0.06015625
0 0.1734375 0.35234375 0.0671875 0.06015625
0 0.71796875 0.53203125 0.0796875 0.1140625