2 0.55 0.58203125 0.09375 0.06484375
0 0.46015625 0.64609375 0.10078125 0.0984375
0 0.3578125 0.94453125 0.10703125 0.109375
0 0.221875 0.54453125 0.09921875 0.10625
2 0.34453125 0.64609375 0.11484375 0.15
0 0.4640625 0.94140625 0.1046875 0.10546875
0 0.03359375 0.90625 0.0671875 0.18671875
2 0.11640625 0.8765625 0.11875 0.240625
0 0.31484375 0.87109375 0.11796875 0.153125
0 0.56328125 0.496875 0.05234375 0.08984375
0 0.46015625 0.57109375 0.071875 0.1109375
0 0.61953125 0.52578125 0.04921875 0.07890625
0 0.65546875 0.603125 0.06328125 0.1109375
0 0.71953125 0.528125 0.04921875 0.1046875
0 0.7015625 0.38203125 0.059375 0.09140625
0 0.48203125 0.48046875 0.065625 0.096875
0 0.475 0.40625 0.05 0.07734375
0 0.43359375 0.459375 0.04921875 0.10625
0 0.37734375 0.44140625 0.0703125 0.1140625
0 0.1375 0.52890625 0.09921875 0.128125