2 0.546875 0.58203125 0.10234375 0.06484375
2 0.309375 0.87890625 0.12578125 0.16953125
0 0.46171875 0.64765625 0.10703125 0.0953125
0 0.4671875 0.94453125 0.09921875 0.0953125
2 0.3421875 0.65390625 0.11953125 0.16953125
2 0.1125 0.8546875 0.1296875 0.16953125
0 0.365625 0.43125 0.06015625 0.109375
0 0.4265625 0.44375 0.040625 0.1
0 0.70546875 0.38359375 0.06015625 0.109375
0 0.7234375 0.5234375 0.078125 0.1234375
0 0.46640625 0.5671875 0.0828125 0.09375
0 0.2421875 0.534375 0.075 0.121875
0 0.11328125 0.928125 0.134375 0.134375
0 0.03359375 0.921875 0.0671875 0.15625
0 0.3609375 0.9453125 0.071875 0.109375
0 0.13515625 0.5375 0.09921875 0.13125
0 0.4703125 0.40390625 0.04140625 0.1
0 0.48359375 0.46484375 0.07265625 0.08984375
0 0.5609375 0.503125 0.06953125 0.1140625
0 0.61640625 0.52265625 0.046875 0.09375