2 0.5484375 0.58125 0.09921875 0.06796875
0 0.46171875 0.64609375 0.10625 0.09453125
0 0.3578125 0.94453125 0.11171875 0.109375
2 0.34765625 0.65078125 0.11328125 0.15
0 0.55 0.503125 0.11328125 0.0984375
0 0.465625 0.94453125 0.10234375 0.09375
0 0.02890625 0.89609375 0.0578125 0.20234375
2 0.11875 0.88203125 0.12578125 0.2359375
0 0.375 0.43203125 0.05390625 0.1328125
0 0.4203125 0.3296875 0.04609375 0.08203125
0 0.42265625 0.43984375 0.0453125 0.1265625
0 0.46953125 0.39765625 0.03671875 0.08203125
0 0.478125 0.47109375 0.0578125 0.09140625
0 0.69609375 0.37578125 0.075 0.09140625
0 0.7265625 0.528125 0.06953125 0.1078125
0 0.665625 0.6140625 0.0671875 0.1078125
0 0.6171875 0.51484375 0.05390625 0.08203125
0 0.221875 0.53828125 0.09375 0.1328125
0 0.30546875 0.878125 0.11484375 0.1265625