2 0.55 0.58203125 0.09453125 0.06484375
0 0.46171875 0.64609375 0.10234375 0.09609375
0 0.36015625 0.94453125 0.11015625 0.109375
2 0.3453125 0.64921875 0.11484375 0.146875
0 0.4640625 0.94296875 0.09609375 0.096875
0 0.29140625 0.86796875 0.103125 0.109375
0 0.37109375 0.85546875 0.07734375 0.1
0 0.03203125 0.88671875 0.0609375 0.14375
2 0.11875 0.928125 0.09609375 0.14375
0 0.13359375 0.53046875 0.07734375 0.1375
0 0.23515625 0.56171875 0.0796875 0.1265625
0 0.36484375 0.42578125 0.059375 0.1234375
0 0.4234375 0.44375 0.03984375 0.1
0 0.4671875 0.39375 0.04765625 0.0953125
0 0.475 0.47109375 0.05546875 0.10625
0 0.565625 0.509375 0.0703125 0.1078125
0 0.4625 0.56796875 0.06328125 0.08359375
0 0.615625 0.5296875 0.053125 0.1109375
0 0.69765625 0.38125 0.065625 0.08984375
0 0.71328125 0.52265625 0.06875 0.1
0 0.6625 0.60546875 0.06328125 0.121875