0 0.896875 0.94296875 0.1046875 0.10625
1 0.55703125 0.6890625 0.08671875 0.1125
1 0.66640625 0.70546875 0.0765625 0.07421875
1 0.76015625 0.6 0.03828125 0.06171875
1 0.81796875 0.74609375 0.0609375 0.06953125
2 0.64921875 0.878125 0.078125 0.1078125
0 0.496875 0.46015625 0.04375 0.07109375
0 0.5734375 0.4359375 0.04140625 0.05078125
0 0.5765625 0.47890625 0.05546875 0.06640625
0 0.6375 0.484375 0.03828125 0.05546875
0 0.590625 0.5984375 0.040625 0.07109375
0 0.634375 0.590625 0.0359375 0.09140625
0 0.67421875 0.5953125 0.0484375 0.07734375
0 0.68515625 0.6578125 0.0421875 0.06328125
0 0.7234375 0.72109375 0.03046875 0.05703125
0 0.753125 0.77578125 0.02890625 0.07265625
0 0.78828125 0.8046875 0.04609375 0.06015625