2 0.5484375 0.58203125 0.0984375 0.06484375
0 0.3609375 0.94453125 0.1140625 0.10859375
0 0.4640625 0.94375 0.10078125 0.0984375
2 0.3453125 0.6484375 0.11328125 0.1484375
0 0.3171875 0.87890625 0.1296875 0.15625
2 0.1046875 0.8984375 0.2 0.203125
0 0.03359375 0.56328125 0.0671875 0.1109375
0 0.37734375 0.428125 0.0578125 0.125
0 0.4203125 0.44140625 0.046875 0.08984375
0 0.4703125 0.39453125 0.04453125 0.06328125
0 0.4765625 0.46875 0.0609375 0.07734375
0 0.4625 0.57265625 0.07578125 0.09296875
0 0.459375 0.640625 0.07890625 0.08984375
0 0.70625 0.3890625 0.06328125 0.08984375