1 0.54921875 0.65625 0.03828125 0.07890625
1 0.5765625 0.728125 0.02578125 0.05859375
1 0.76796875 0.60625 0.03984375 0.06484375
1 0.6515625 0.70078125 0.03671875 0.04921875
0 0.88984375 0.94375 0.08671875 0.1
0 0.49921875 0.46640625 0.0359375 0.08046875
2 0.6375 0.48984375 0.0375 0.06953125
2 0.67890625 0.653125 0.04375 0.05546875
2 0.59453125 0.59375 0.0515625 0.06328125
0 0.56484375 0.43828125 0.0328125 0.06171875
0 0.571875 0.47265625 0.06875 0.06015625
0 0.67734375 0.5953125 0.0515625 0.06171875
0 0.63125 0.5859375 0.04375 0.08515625
0 0.721875 0.72421875 0.0296875 0.06015625
0 0.70546875 0.6703125 0.0265625 0.05078125
1 0.75625 0.76484375 0.0359375 0.06015625
1 0.7828125 0.80390625 0.04140625 0.05859375