0 0.8921875 0.94609375 0.10703125 0.1015625
1 0.6390625 0.8703125 0.059375 0.07421875
2 0.58828125 0.58984375 0.05390625 0.05234375
2 0.63203125 0.48203125 0.03671875 0.08515625
0 0.496875 0.46171875 0.03203125 0.06484375
0 0.5625 0.4296875 0.0453125 0.04765625
0 0.56953125 0.46640625 0.0578125 0.04609375
0 0.63203125 0.59140625 0.03203125 0.07734375
0 0.675 0.5921875 0.05703125 0.06328125
0 0.72734375 0.7203125 0.04140625 0.06484375
0 0.6796875 0.64609375 0.05 0.06640625
0 0.75078125 0.7640625 0.0359375 0.07109375
1 0.6609375 0.70390625 0.03828125 0.04296875
1 0.76640625 0.6 0.03125 0.04609375