2 0.54765625 0.58125 0.10234375 0.06796875
0 0.359375 0.94453125 0.1109375 0.109375
0 0.4609375 0.64765625 0.1046875 0.0953125
0 0.4640625 0.94296875 0.1015625 0.09921875
2 0.33984375 0.64140625 0.128125 0.15546875
0 0.32109375 0.603125 0.07890625 0.1234375
0 0.32734375 0.8703125 0.14140625 0.1390625
2 0.12734375 0.921875 0.13125 0.15625
0 0.03515625 0.90625 0.0703125 0.18671875
0 0.65859375 0.61640625 0.05625 0.121875
0 0.62109375 0.52421875 0.04453125 0.096875
0 0.71484375 0.53671875 0.0546875 0.1109375
0 0.69453125 0.39453125 0.0640625 0.109375
0 0.47890625 0.47421875 0.0671875 0.1
0 0.46484375 0.57421875 0.07734375 0.09296875
0 0.565625 0.5046875 0.07109375 0.1078125
0 0.56328125 0.328125 0.05625 0.08203125
0 0.428125 0.44453125 0.0546875 0.08671875
0 0.46875 0.38984375 0.03671875 0.06953125
0 0.384375 0.42578125 0.07734375 0.1109375
0 0.14609375 0.52578125 0.0953125 0.103125