2 0.5453125 0.58203125 0.10390625 0.06640625
0 0.4671875 0.94375 0.0984375 0.1
0 0.3609375 0.94453125 0.10859375 0.109375
2 0.34375 0.65078125 0.11796875 0.15546875
0 0.46015625 0.6484375 0.10234375 0.1015625
0 0.303125 0.87109375 0.10234375 0.14375
2 0.11171875 0.915625 0.103125 0.16484375
0 0.0359375 0.9171875 0.071875 0.16484375
0 0.37265625 0.440625 0.06953125 0.1125
0 0.41328125 0.33828125 0.05390625 0.08046875
0 0.4171875 0.43828125 0.05 0.09296875
0 0.4640625 0.40625 0.0515625 0.07734375
0 0.4703125 0.46328125 0.0609375 0.07109375
0 0.45859375 0.56796875 0.0734375 0.06796875
0 0.56484375 0.49375 0.05546875 0.07734375
0 0.61875 0.5203125 0.0421875 0.07421875
0 0.70390625 0.39140625 0.0640625 0.06640625
0 0.72421875 0.52578125 0.059375 0.115625
0 0.65546875 0.60625 0.06171875 0.1140625
0 0.146875 0.53125 0.08046875 0.08671875
0 0.17109375 0.34296875 0.0625 0.06171875