2 0.5515625 0.58125 0.09140625 0.06796875
0 0.35703125 0.94453125 0.1078125 0.109375
0 0.4625 0.56953125 0.11328125 0.084375
2 0.34609375 0.65078125 0.11484375 0.15
0 0.465625 0.94453125 0.10234375 0.0953125
0 0.14609375 0.51875 0.08046875 0.1265625
0 0.36953125 0.42421875 0.0625 0.0984375
0 0.41953125 0.44609375 0.0484375 0.0953125
0 0.47109375 0.40625 0.05234375 0.08203125
0 0.70546875 0.3859375 0.0703125 0.0953125
0 0.5734375 0.50625 0.07265625 0.1078125
2 0.11796875 0.91484375 0.203125 0.16953125
0 0.04453125 0.5578125 0.0703125 0.121875
0 0.46484375 0.65 0.084375 0.1140625
0 0.303125 0.87421875 0.146875 0.14375
0 0.2328125 0.54375 0.07890625 0.115625
0 0.03125 0.90546875 0.0625 0.1890625
0 0.71953125 0.53359375 0.0703125 0.1203125
0 0.6546875 0.621875 0.05625 0.1171875