2 0.5515625 0.58203125 0.09140625 0.06484375
0 0.46171875 0.646875 0.10078125 0.09375
0 0.36015625 0.94375 0.109375 0.1109375
0 0.4671875 0.94453125 0.09921875 0.0953125
2 0.34375 0.653125 0.11953125 0.15
0 0.02578125 0.89921875 0.0515625 0.2015625
2 0.128125 0.88984375 0.140625 0.20859375
0 0.29375 0.85625 0.09375 0.1546875
0 0.378125 0.4421875 0.0453125 0.103125
0 0.42421875 0.44609375 0.0421875 0.09296875
0 0.4703125 0.39296875 0.04375 0.09140625
0 0.48046875 0.47265625 0.053125 0.07265625
0 0.465625 0.56484375 0.06015625 0.05859375
0 0.5671875 0.50078125 0.05546875 0.1
0 0.61328125 0.52109375 0.040625 0.07890625
0 0.66015625 0.60546875 0.0578125 0.08515625
0 0.72109375 0.53984375 0.0671875 0.1171875
0 0.69921875 0.38984375 0.053125 0.07890625
0 0.15078125 0.51328125 0.0828125 0.07890625