0 0.8953125 0.94375 0.11171875 0.109375
2 0.65 0.8859375 0.071875 0.09296875
1 0.55859375 0.68203125 0.04453125 0.08046875
1 0.6578125 0.7421875 0.06953125 0.08671875
2 0.590625 0.59375 0.05390625 0.07734375
0 0.56875 0.4875 0.0625 0.06796875
2 0.63828125 0.48984375 0.0375 0.07265625
0 0.62421875 0.58125 0.0375 0.07578125
0 0.67421875 0.5953125 0.0703125 0.06796875
0 0.6796875 0.65 0.04375 0.05859375
0 0.721875 0.72578125 0.03203125 0.06015625
0 0.74765625 0.76640625 0.03046875 0.06015625
0 0.721875 0.65390625 0.0375 0.06015625