2 0.5515625 0.58125 0.09453125 0.06484375
0 0.4609375 0.64609375 0.10546875 0.09296875
0 0.35625 0.94453125 0.10546875 0.109375
0 0.4671875 0.94375 0.09609375 0.0984375
2 0.34609375 0.64375 0.1125 0.14921875
0 0.03203125 0.865625 0.06328125 0.26875
2 0.109375 0.8953125 0.125 0.209375
0 0.30234375 0.86875 0.159375 0.18828125
1 0.16484375 0.35234375 0.071875 0.09375
0 0.371875 0.41953125 0.04765625 0.1265625
0 0.42421875 0.440625 0.04765625 0.10625
0 0.41171875 0.32890625 0.0390625 0.06171875
0 0.46796875 0.4015625 0.053125 0.07734375
0 0.48125 0.4765625 0.05390625 0.0953125
0 0.46171875 0.57109375 0.071875 0.0953125
0 0.56796875 0.50703125 0.05390625 0.1
0 0.6984375 0.38125 0.06953125 0.0984375
0 0.7203125 0.521875 0.075 0.09296875
0 0.65390625 0.61875 0.075 0.1265625
0 0.62109375 0.52890625 0.0515625 0.09140625