2 0.54921875 0.58203125 0.09375 0.06484375
0 0.4609375 0.646875 0.10390625 0.0953125
0 0.3609375 0.94453125 0.11328125 0.109375
0 0.46796875 0.94453125 0.09921875 0.09375
2 0.34609375 0.64921875 0.11484375 0.146875
0 0.6984375 0.375 0.0546875 0.07734375
0 0.5671875 0.49375 0.06328125 0.08984375
0 0.61484375 0.51328125 0.04453125 0.08203125
0 0.71953125 0.5296875 0.05625 0.0953125
0 0.6609375 0.6078125 0.05234375 0.1109375
0 0.0296875 0.90546875 0.059375 0.1859375
2 0.12109375 0.88984375 0.134375 0.2203125
0 0.37421875 0.42421875 0.06171875 0.0984375
0 0.421875 0.43984375 0.05 0.08984375
0 0.4734375 0.40390625 0.053125 0.08828125
0 0.47890625 0.47265625 0.06015625 0.07265625
0 0.46015625 0.57109375 0.084375 0.08671875
0 0.13984375 0.53125 0.0859375 0.0984375
0 0.2484375 0.5421875 0.084375 0.10625
1 0.1265625 0.44609375 0.075 0.06796875