2 0.54765625 0.58203125 0.10234375 0.06484375
0 0.35859375 0.94609375 0.10859375 0.10625
2 0.34609375 0.64921875 0.115625 0.146875
0 0.46328125 0.65078125 0.1125 0.10703125
0 0.55625 0.50390625 0.1125 0.096875
0 0.46484375 0.94609375 0.10234375 0.090625
0 0.3078125 0.8734375 0.1125 0.1359375
0 0.690625 0.3875 0.059375 0.07734375
0 0.428125 0.446875 0.05546875 0.103125
0 0.3734375 0.43125 0.04375 0.09375
0 0.47109375 0.4078125 0.04140625 0.1
0 0.2375 0.5515625 0.08046875 0.103125
2 0.29296875 0.46015625 0.04921875 0.07109375
0 0.38828125 0.51484375 0.04453125 0.07890625
2 0.11875 0.8984375 0.15625 0.203125
0 0.125 0.43515625 0.05390625 0.08046875
0 0.0328125 0.55234375 0.059375 0.07109375