2 0.54765625 0.58203125 0.1 0.06640625
0 0.46015625 0.646875 0.1046875 0.09375
0 0.35703125 0.94609375 0.11171875 0.10625
2 0.34765625 0.64140625 0.11171875 0.1296875
0 0.30546875 0.86875 0.1234375 0.1265625
0 0.13515625 0.52265625 0.07578125 0.115625
0 0.21640625 0.54609375 0.10859375 0.1234375
0 0.365625 0.4359375 0.06875 0.140625
0 0.41953125 0.440625 0.05546875 0.103125
0 0.47734375 0.46875 0.06796875 0.096875
0 0.56015625 0.496875 0.06484375 0.0984375
0 0.46171875 0.56796875 0.06875 0.06171875
0 0.61953125 0.521875 0.04765625 0.07109375
0 0.6609375 0.60390625 0.05625 0.103125
0 0.7234375 0.52109375 0.06328125 0.08203125
0 0.709375 0.3765625 0.06484375 0.08671875
0 0.46875 0.93125 0.08125 0.07890625
0 0.128125 0.42109375 0.065625 0.09296875
2 0.07890625 0.89609375 0.1578125 0.2078125