2 0.5484375 0.58203125 0.10078125 0.06484375
0 0.35546875 0.94296875 0.10625 0.11171875
0 0.4609375 0.646875 0.10234375 0.0953125
2 0.34609375 0.64609375 0.11328125 0.1390625
0 0.46796875 0.94375 0.09765625 0.0984375
0 0.140625 0.5109375 0.08125 0.1109375
0 0.225 0.54765625 0.090625 0.1234375
0 0.30234375 0.8703125 0.090625 0.1484375
0 0.02109375 0.90234375 0.0421875 0.1953125
2 0.1 0.89453125 0.16328125 0.19609375
0 0.4671875 0.41015625 0.0421875 0.08359375
0 0.37421875 0.4203125 0.0578125 0.103125
0 0.42421875 0.45 0.0515625 0.09375
0 0.48203125 0.47578125 0.053125 0.08203125
0 0.46328125 0.57578125 0.06171875 0.07734375
0 0.56875 0.496875 0.0609375 0.09296875
0 0.61328125 0.5140625 0.0421875 0.07734375
0 0.69609375 0.38359375 0.05703125 0.09375
0 0.71875 0.53046875 0.05703125 0.10625
0 0.65234375 0.61171875 0.04609375 0.1
0 0.1703125 0.34140625 0.06875 0.07734375