2 0.55078125 0.58203125 0.09453125 0.06640625
0 0.46171875 0.64453125 0.10625 0.09140625
0 0.36015625 0.94453125 0.11328125 0.10859375
0 0.7125 0.52421875 0.10625 0.10078125
2 0.3453125 0.64453125 0.11484375 0.146875
2 0.103125 0.890625 0.146875 0.21875
0 0.1390625 0.53046875 0.08359375 0.10625
0 0.378125 0.43046875 0.0484375 0.08984375
0 0.42421875 0.45 0.040625 0.09375
0 0.46953125 0.40703125 0.04609375 0.08046875
0 0.47890625 0.47890625 0.0515625 0.096875
0 0.46875 0.5765625 0.075 0.1
0 0.56796875 0.503125 0.0734375 0.0953125
0 0.6625 0.6265625 0.06328125 0.1109375
0 0.23125 0.54765625 0.1015625 0.1046875
0 0.471875 0.94375 0.075 0.08828125
0 0.30703125 0.88359375 0.1109375 0.140625