2 0.5921875 0.5953125 0.04140625 0.06484375
2 0.6515625 0.7078125 0.04609375 0.05390625
1 0.553125 0.671875 0.03984375 0.06640625
1 0.58359375 0.73515625 0.05234375 0.06953125
1 0.76640625 0.6015625 0.0515625 0.07734375
0 0.56953125 0.43046875 0.04140625 0.05859375
0 0.5640625 0.4703125 0.09296875 0.07421875
0 0.63359375 0.58671875 0.0375 0.08359375
0 0.67109375 0.58359375 0.05390625 0.08359375
0 0.67890625 0.65078125 0.05546875 0.07265625
0 0.7265625 0.7234375 0.046875 0.06171875
0 0.88515625 0.9421875 0.090625 0.115625
0 0.7484375 0.7671875 0.02578125 0.06796875
0 0.7796875 0.79609375 0.02890625 0.06171875
0 0.63359375 0.4984375 0.03046875 0.08046875
0 0.6890625 0.49296875 0.02890625 0.05703125
2 0.6265625 0.8953125 0.075 0.1453125