2 0.23671875 0.47578125 0.08203125 0.08125
2 0.58515625 0.51328125 0.05234375 0.1125
2 0.2859375 0.56015625 0.046875 0.1328125
2 0.34375 0.57109375 0.04140625 0.0953125
2 0.88515625 0.49296875 0.08046875 0.103125
2 0.7859375 0.675 0.06796875 0.128125
0 0.1703125 0.51640625 0.06484375 0.1
0 0.15 0.56171875 0.04375 0.05234375
0 0.134375 0.625 0.05234375 0.1078125
0 0.13515625 0.71640625 0.075 0.1078125
0 0.22109375 0.56484375 0.0828125 0.07421875
0 0.225 0.66640625 0.07578125 0.1484375
0 0.32890625 0.690625 0.05703125 0.17109375
0 0.28515625 0.69609375 0.0515625 0.1078125
2 0.23984375 0.79375 0.0859375 0.10625
0 0.190625 0.765625 0.03984375 0.1171875
0 0.10703125 0.76171875 0.10625 0.07578125
2 0.025 0.41953125 0.04921875 0.1234375
0 0.0515625 0.56640625 0.040625 0.1203125
0 0.0171875 0.53671875 0.034375 0.11328125
0 0.24375 0.41484375 0.06796875 0.06484375
0 0.69453125 0.40546875 0.08359375 0.07890625
2 0.65078125 0.7546875 0.08671875 0.1078125
0 0.7328125 0.7421875 0.08828125 0.06171875
0 0.6875 0.7078125 0.090625 0.06015625
0 0.83046875 0.74609375 0.04609375 0.121875
0 0.8609375 0.71640625 0.059375 0.1046875
0 0.8734375 0.60625 0.04921875 0.09296875
0 0.78671875 0.590625 0.078125 0.07890625
2 0.7203125 0.6203125 0.0703125 0.16640625
0 0.7578125 0.40078125 0.0640625 0.1375
0 0.65703125 0.4984375 0.040625 0.06796875
0 0.6890625 0.52421875 0.06953125 0.128125
0 0.63359375 0.56796875 0.059375 0.06796875
0 0.65390625 0.63671875 0.06953125 0.06328125
0 0.79453125 0.52890625 0.0453125 0.09375
0 0.771875 0.4828125 0.0578125 0.1296875
1 0.80625 0.34375 0.07109375 0.128125
0 0.596875 0.61484375 0.0484375 0.103125
0 0.834375 0.42265625 0.0453125 0.08984375
0 0.83359375 0.509375 0.05 0.05546875
2 0.10703125 0.4109375 0.05703125 0.08203125