1 0.23671875 0.47734375 0.08125 0.084375
0 0.6953125 0.3890625 0.09609375 0.08515625
2 0.78515625 0.66328125 0.0671875 0.1203125
2 0.28671875 0.5703125 0.0609375 0.146875
2 0.6375 0.74609375 0.053125 0.07578125
2 0.7359375 0.7421875 0.11171875 0.08046875
2 0.87890625 0.48671875 0.103125 0.07578125
2 0.17109375 0.52734375 0.08515625 0.121875
2 0.228125 0.66640625 0.0984375 0.1484375
2 0.3265625 0.68046875 0.09609375 0.16640625
2 0.02578125 0.43125 0.0515625 0.103125
2 0.10234375 0.77109375 0.08671875 0.08828125
0 0.7125 0.61953125 0.06875 0.16484375
0 0.34609375 0.5703125 0.06484375 0.08203125
0 0.8609375 0.725 0.0546875 0.15703125
0 0.8296875 0.74765625 0.05390625 0.13125
0 0.13203125 0.70703125 0.08671875 0.1390625
0 0.1859375 0.76875 0.02421875 0.1140625
0 0.22578125 0.77421875 0.08828125 0.07890625
0 0.528125 0.77578125 0.078125 0.08515625
0 0.15859375 0.621875 0.02578125 0.07109375
2 0.14921875 0.56015625 0.03046875 0.03984375