0 0.2359375 0.4765625 0.07890625 0.07890625
0 0.69765625 0.39453125 0.10078125 0.08828125
0 0.68515625 0.70390625 0.08671875 0.0625
2 0.2859375 0.5703125 0.04921875 0.125
0 0.73359375 0.74140625 0.08828125 0.06640625
0 0.228125 0.66953125 0.0671875 0.1484375
0 0.12421875 0.70234375 0.06015625 0.08359375
0 0.3453125 0.58515625 0.0484375 0.1140625
0 0.83125 0.740625 0.034375 0.1015625
0 0.53125 0.77578125 0.08828125 0.06015625
0 0.10390625 0.7640625 0.09453125 0.04609375
2 0.0234375 0.42265625 0.046875 0.0703125
2 0.06640625 0.45546875 0.040625 0.08671875
2 0.0984375 0.415625 0.05234375 0.06640625
2 0.01484375 0.53125 0.0296875 0.075
2 0.05625 0.56328125 0.05390625 0.1140625
2 0.16796875 0.5234375 0.06328125 0.08984375
2 0.1421875 0.61796875 0.059375 0.14375
2 0.3375 0.69140625 0.053125 0.16328125
0 0.2796875 0.69296875 0.0359375 0.1484375
0 0.22734375 0.57265625 0.0609375 0.06796875
0 0.25078125 0.59375 0.0390625 0.05390625
2 0.58984375 0.5125 0.0515625 0.1078125
2 0.88828125 0.4859375 0.08125 0.1015625
2 0.7859375 0.67265625 0.06875 0.1171875
2 0.65 0.76484375 0.0828125 0.13125
0 0.68828125 0.52109375 0.0609375 0.1125
0 0.65546875 0.50546875 0.03359375 0.07890625
0 0.603125 0.61484375 0.0640625 0.09375
0 0.6609375 0.6484375 0.04140625 0.07421875
0 0.7046875 0.59609375 0.03984375 0.128125
0 0.72734375 0.60390625 0.0484375 0.128125
0 0.7953125 0.61015625 0.078125 0.06640625
0 0.7421875 0.55078125 0.03984375 0.05859375
0 0.73046875 0.49375 0.06171875 0.0953125
2 0.2203125 0.7703125 0.0828125 0.1140625
0 0.86171875 0.71328125 0.0765625 0.16953125
1 0.79921875 0.54140625 0.09921875 0.1359375