0 0.23515625 0.48046875 0.07890625 0.0890625
0 0.69375 0.396875 0.10390625 0.0859375
0 0.35 0.56796875 0.0890625 0.09140625
2 0.28515625 0.571875 0.0515625 0.128125
2 0.58671875 0.5109375 0.0671875 0.1015625
2 0.784375 0.6765625 0.0671875 0.13125
2 0.6265625 0.74921875 0.04140625 0.09140625
2 0.20703125 0.7734375 0.0859375 0.1140625
0 0.32265625 0.696875 0.06171875 0.17109375
0 0.2234375 0.66875 0.0625 0.128125
0 0.2796875 0.68671875 0.0609375 0.1359375
0 0.23359375 0.57421875 0.065625 0.08046875
2 0.1234375 0.66015625 0.0640625 0.16640625
0 0.10625 0.7671875 0.0828125 0.06171875
0 0.15859375 0.54375 0.05 0.103125
0 0.18125 0.50859375 0.03671875 0.08828125
0 0.3046875 0.496875 0.065625 0.08359375
2 0.02421875 0.44296875 0.0484375 0.09296875
0 0.759375 0.38984375 0.0546875 0.1375
0 0.771875 0.4625 0.05703125 0.134375
0 0.8828125 0.48984375 0.11640625 0.06953125
0 0.6875 0.51015625 0.075 0.11875
2 0.6625 0.496875 0.03671875 0.07734375
0 0.71640625 0.6171875 0.0640625 0.16328125
0 0.68671875 0.7125 0.0921875 0.07265625
0 0.6578125 0.64296875 0.07578125 0.06953125
0 0.74140625 0.7484375 0.0875 0.08671875
0 0.8296875 0.73984375 0.04140625 0.115625
0 0.8546875 0.7109375 0.0421875 0.109375
0 0.77734375 0.59609375 0.0421875 0.06953125
0 0.8109375 0.60859375 0.0328125 0.06328125
0 0.82421875 0.56484375 0.0359375 0.06484375
0 0.7921875 0.521875 0.0453125 0.09296875
0 0.87734375 0.6 0.04921875 0.08984375
0 0.1 0.41953125 0.04765625 0.07734375
0 0.05390625 0.565625 0.0515625 0.121875
0 0.02109375 0.534375 0.0421875 0.109375
0 0.01171875 0.64296875 0.0234375 0.1359375