0 0.64296875 0.9109375 0.15078125 0.15625
0 0.9375 0.7859375 0.12421875 0.1265625
0 0.93515625 0.14609375 0.1234375 0.140625
0 0.93828125 0.94765625 0.12109375 0.08984375
0 0.70546875 0.31875 0.1171875 0.12578125
0 0.8296875 0.3484375 0.0828125 0.1015625
0 0.34453125 0.36875 0.09453125 0.1015625
2 0.88828125 0.63671875 0.12578125 0.140625
2 0.3734375 0.53671875 0.06328125 0.16328125
2 0.1640625 0.5296875 0.1109375 0.265625
2 0.19375 0.23515625 0.10625 0.115625
2 0.1046875 0.33046875 0.1578125 0.1421875
2 0.73203125 0.36796875 0.10390625 0.17734375
0 0.83984375 0.8515625 0.0984375 0.17890625
0 0.278125 0.4890625 0.115625 0.16328125
0 0.21484375 0.75703125 0.06875 0.33515625
0 0.27890625 0.75546875 0.0546875 0.31328125
0 0.3375 0.734375 0.05625 0.31171875
0 0.06484375 0.71484375 0.11875 0.29921875
0 0.03125 0.5046875 0.0625 0.140625
0 0.0953125 0.54140625 0.08046875 0.16640625
0 0.0359375 0.86875 0.071875 0.19453125
0 0.88828125 0.37421875 0.05546875 0.18671875
0 0.9421875 0.403125 0.115625 0.2453125
0 0.840625 0.50703125 0.103125 0.13125
2 0.76640625 0.5640625 0.09921875 0.16484375