0 0.64296875 0.91171875 0.1484375 0.15546875
0 0.93671875 0.78515625 0.12578125 0.12421875
2 0.115625 0.30703125 0.15703125 0.11484375
0 0.9390625 0.94765625 0.11953125 0.08984375
0 0.93203125 0.14765625 0.12734375 0.1359375
0 0.06640625 0.82734375 0.12734375 0.1546875
2 0.3734375 0.5390625 0.05390625 0.17734375
2 0.7421875 0.3703125 0.090625 0.17890625
2 0.88671875 0.63671875 0.1453125 0.134375
2 0.16953125 0.51953125 0.121875 0.2453125
2 0.84609375 0.8640625 0.1 0.21328125
2 0.29453125 0.509375 0.07734375 0.15703125
0 0.93671875 0.39140625 0.12578125 0.2546875
0 0.14921875 0.728125 0.0921875 0.221875
0 0.225 0.75859375 0.06328125 0.31015625
0 0.2765625 0.740625 0.078125 0.28984375
0 0.09296875 0.54921875 0.07578125 0.1515625
0 0.05234375 0.6734375 0.1046875 0.2015625
2 0.18828125 0.22109375 0.11171875 0.09375
2 0.83359375 0.5 0.11875 0.17265625
0 0.34375 0.690625 0.075 0.2453125
0 0.29375 0.93359375 0.2203125 0.1328125
0 0.54140625 0.66015625 0.06953125 0.08984375