0 0.64140625 0.9109375 0.1546875 0.15625
0 0.9375 0.78359375 0.12421875 0.1234375
0 0.9390625 0.9484375 0.11953125 0.0890625
0 0.9375 0.171875 0.125 0.1375
0 0.1078125 0.30859375 0.1578125 0.1140625
2 0.740625 0.371875 0.0875 0.20625
2 0.38203125 0.54609375 0.0921875 0.17265625
2 0.1703125 0.53125 0.115625 0.21875
2 0.84609375 0.86328125 0.0859375 0.18671875
2 0.8890625 0.64765625 0.1359375 0.16171875
0 0.28359375 0.73125 0.06796875 0.28359375
0 0.0640625 0.525 0.125 0.15703125
0 0.05859375 0.6953125 0.1171875 0.2515625
0 0.1453125 0.73125 0.0984375 0.21640625