0 0.6953125 0.39453125 0.09609375 0.0859375
2 0.58671875 0.50546875 0.06171875 0.09375
2 0.284375 0.57734375 0.05703125 0.1296875
2 0.246875 0.46875 0.084375 0.08671875
2 0.65546875 0.6578125 0.0734375 0.08203125
2 0.6859375 0.70703125 0.07578125 0.06796875
2 0.7859375 0.68359375 0.06796875 0.1359375
0 0.71640625 0.60859375 0.065625 0.153125
0 0.2328125 0.575 0.06484375 0.05703125
0 0.22890625 0.66796875 0.0796875 0.1484375
0 0.165625 0.5390625 0.04453125 0.08515625
0 0.17890625 0.50625 0.046875 0.08046875
0 0.16015625 0.58671875 0.05625 0.08984375
0 0.1453125 0.6328125 0.071875 0.1015625
0 0.11015625 0.68359375 0.0453125 0.04921875
0 0.32578125 0.67890625 0.065625 0.1265625
2 0.3390625 0.58359375 0.0515625 0.1234375
0 0.3015625 0.4875 0.0765625 0.07421875
0 0.68203125 0.528125 0.0703125 0.1453125
0 0.65078125 0.496875 0.03828125 0.07109375
0 0.61484375 0.60390625 0.05703125 0.096875
0 0.78515625 0.596875 0.06875 0.04609375
0 0.775 0.4953125 0.05234375 0.1234375
0 0.76328125 0.39375 0.059375 0.1203125
0 0.7390625 0.4875 0.0453125 0.08671875
0 0.83046875 0.73828125 0.0453125 0.096875
0 0.84921875 0.70234375 0.059375 0.1046875
0 0.87578125 0.6015625 0.0734375 0.1234375
0 0.86796875 0.4953125 0.11171875 0.1171875
0 0.82109375 0.565625 0.0421875 0.08515625
0 0.875 0.75 0.04140625 0.1328125
0 0.53203125 0.771875 0.08125 0.08671875
0 0.62734375 0.74765625 0.0640625 0.1
0 0.67109375 0.7671875 0.05234375 0.06796875
0 0.7390625 0.7296875 0.0875 0.08671875
2 0.025 0.4171875 0.05 0.08828125