2 0.23828125 0.478125 0.0765625 0.08515625
2 0.34765625 0.57265625 0.08359375 0.11015625
2 0.2875 0.57578125 0.04765625 0.1484375
2 0.58515625 0.5046875 0.05390625 0.1078125
2 0.0234375 0.42734375 0.046875 0.08046875
2 0.6546875 0.50078125 0.0375 0.07265625
0 0.228125 0.66484375 0.08125 0.1390625
2 0.2328125 0.784375 0.06953125 0.09140625
0 0.18984375 0.76484375 0.03828125 0.08515625
0 0.33203125 0.69140625 0.06015625 0.17578125
0 0.2796875 0.684375 0.04140625 0.14375
0 0.18046875 0.50546875 0.0515625 0.07890625
0 0.1640625 0.53203125 0.059375 0.09296875
0 0.12734375 0.70546875 0.075 0.1109375
0 0.12890625 0.6328125 0.04921875 0.1203125
0 0.17421875 0.65390625 0.0328125 0.128125
0 0.23046875 0.5734375 0.0671875 0.09140625
2 0.625 0.74296875 0.0453125 0.096875
0 0.71015625 0.603125 0.071875 0.1421875
0 0.73671875 0.75546875 0.09140625 0.07265625
2 0.7875 0.678125 0.06875 0.13125
0 0.684375 0.70625 0.0796875 0.06328125
0 0.64765625 0.646875 0.075 0.08046875
2 0.63515625 0.575 0.04765625 0.07265625
0 0.68671875 0.51875 0.0578125 0.1265625
0 0.85390625 0.70078125 0.0609375 0.1109375
0 0.83046875 0.746875 0.04921875 0.1265625
0 0.771875 0.490625 0.0546875 0.1265625
0 0.73359375 0.4953125 0.03671875 0.0953125
0 0.79375 0.52421875 0.04140625 0.1
0 0.8703125 0.59453125 0.05234375 0.109375
2 0.88828125 0.49140625 0.06328125 0.103125
0 0.5234375 0.7765625 0.08828125 0.08671875
0 0.4625 0.71640625 0.059375 0.0953125
0 0.10390625 0.771875 0.096875 0.06171875
0 0.053125 0.58125 0.04375 0.15
0 0.06328125 0.4625 0.0484375 0.109375
0 0.01875 0.54921875 0.0375 0.1234375
0 0.7875 0.59921875 0.084375 0.07578125
2 0.975 0.6484375 0.04921875 0.08359375
0 0.371875 0.65625 0.034375 0.13125
0 0.3515625 0.78046875 0.11484375 0.07890625
2 0.253125 0.4125 0.05625 0.07890625
2 0.66640625 0.77578125 0.06953125 0.07578125
1 0.80390625 0.346875 0.053125 0.1046875