2 0.234375 0.47890625 0.0859375 0.0859375
2 0.346875 0.56796875 0.0828125 0.096875
1 0.8109375 0.35390625 0.03359375 0.096875
2 0.2890625 0.575 0.05390625 0.13125
0 0.22890625 0.57734375 0.065625 0.07421875
0 0.18203125 0.50390625 0.05703125 0.09140625
0 0.171875 0.5421875 0.0484375 0.09375
0 0.21875 0.66953125 0.0765625 0.17265625
0 0.26796875 0.6953125 0.03359375 0.153125
0 0.30703125 0.71171875 0.03984375 0.1390625
0 0.33515625 0.69609375 0.05234375 0.16640625
0 0.24921875 0.409375 0.06796875 0.06015625
0 0.1328125 0.70234375 0.06796875 0.1015625
0 0.134375 0.6328125 0.03828125 0.1046875
0 0.05 0.584375 0.05703125 0.146875
2 0.0234375 0.43203125 0.046875 0.08359375
0 0.0703125 0.46328125 0.04375 0.0984375
0 0.1171875 0.54609375 0.059375 0.17890625
0 0.09140625 0.771875 0.09140625 0.03671875
2 0.19375 0.7625 0.0453125 0.1046875
2 0.6234375 0.75546875 0.03984375 0.09140625
2 0.70625 0.6140625 0.07109375 0.15703125
2 0.58359375 0.50859375 0.059375 0.121875
0 0.62578125 0.59140625 0.05703125 0.07109375
0 0.6015625 0.6046875 0.05234375 0.1046875
0 0.653125 0.6421875 0.05390625 0.08046875
0 0.6890625 0.703125 0.075 0.06328125
0 0.73359375 0.74375 0.08125 0.06484375
2 0.78359375 0.675 0.07265625 0.128125
0 0.83046875 0.7421875 0.05703125 0.1171875
0 0.85390625 0.71640625 0.05703125 0.1140625
0 0.7890625 0.6109375 0.075 0.07421875
0 0.8 0.52734375 0.04140625 0.10625
0 0.7765625 0.48984375 0.04921875 0.11875
0 0.690625 0.5140625 0.078125 0.1546875
2 0.65703125 0.49765625 0.03828125 0.08828125
0 0.75859375 0.3953125 0.0671875 0.1484375
0 0.6921875 0.3984375 0.06484375 0.06796875
0 0.86953125 0.60625 0.0703125 0.1234375
2 0.840625 0.4390625 0.0625 0.096875
0 0.89140625 0.4921875 0.09453125 0.08671875
0 0.01875 0.53828125 0.03671875 0.1015625
1 0.23359375 0.778125 0.0765625 0.07734375