0 0.64296875 0.9109375 0.15546875 0.15625
0 0.93203125 0.1484375 0.1171875 0.14296875
0 0.9375 0.7859375 0.12421875 0.1234375
2 0.10703125 0.30859375 0.15859375 0.115625
0 0.93828125 0.94765625 0.12109375 0.08984375
2 0.73515625 0.36875 0.1078125 0.209375
2 0.16484375 0.5125 0.11640625 0.24375
2 0.2953125 0.51796875 0.075 0.18671875
2 0.37421875 0.5078125 0.0671875 0.1109375
2 0.8875 0.640625 0.12421875 0.1296875
0 0.88828125 0.371875 0.08046875 0.16953125
0 0.0671875 0.54140625 0.134375 0.18828125
0 0.0609375 0.71015625 0.121875 0.2859375
0 0.1609375 0.75625 0.078125 0.246875
0 0.2296875 0.7421875 0.07734375 0.3453125
0 0.2671875 0.74296875 0.096875 0.28515625
2 0.1859375 0.20390625 0.0984375 0.08984375
2 0.8375 0.8671875 0.0859375 0.21015625
0 0.3421875 0.6703125 0.07578125 0.28203125
2 0.56484375 0.59296875 0.08125 0.06484375