0 0.23515625 0.47734375 0.08125 0.084375
0 0.47421875 0.615625 0.09921875 0.13203125
0 0.71171875 0.33359375 0.07421875 0.0640625
2 0.28828125 0.57578125 0.0453125 0.1359375
2 0.34453125 0.5671875 0.04921875 0.08203125
2 0.021875 0.4203125 0.04375 0.075
2 0.58359375 0.50859375 0.05 0.10625
0 0.22890625 0.66796875 0.08046875 0.1390625
2 0.1359375 0.68046875 0.09375 0.1359375
0 0.17890625 0.50703125 0.059375 0.096875
0 0.1625 0.54921875 0.05625 0.08671875
0 0.3265625 0.69375 0.05390625 0.16484375
0 0.3640625 0.65625 0.03046875 0.1375
0 0.18828125 0.765625 0.040625 0.0953125
0 0.096875 0.76953125 0.08359375 0.04140625
0 0.35078125 0.79375 0.09296875 0.06015625
2 0.23671875 0.77890625 0.09921875 0.08203125
2 0.625 0.7453125 0.05 0.0953125
0 0.68828125 0.70625 0.08125 0.07265625
0 0.73203125 0.7421875 0.08671875 0.06796875
2 0.78125 0.6734375 0.06953125 0.134375
2 0.8328125 0.74140625 0.0421875 0.11875
0 0.8578125 0.715625 0.053125 0.11875
0 0.71796875 0.61484375 0.0765625 0.16171875
2 0.6296875 0.5734375 0.05234375 0.08515625
0 0.67890625 0.53359375 0.0765625 0.1484375
0 0.225 0.56796875 0.078125 0.06796875
0 0.0546875 0.57578125 0.05 0.1140625
0 0.0265625 0.53671875 0.053125 0.0859375
1 0.25078125 0.415625 0.07578125 0.05703125
1 0.75703125 0.40234375 0.06015625 0.125
0 0.6859375 0.40234375 0.078125 0.08828125
0 0.72578125 0.48125 0.040625 0.0953125
0 0.77265625 0.478125 0.059375 0.09296875
0 0.79140625 0.5171875 0.04921875 0.08359375
0 0.82734375 0.5765625 0.04921875 0.06953125
0 0.7875 0.596875 0.08515625 0.07734375
0 0.87421875 0.6140625 0.04453125 0.07734375
1 0.87265625 0.5015625 0.08671875 0.1171875