0 0.6984375 0.39453125 0.10390625 0.08828125
0 0.34765625 0.56171875 0.084375 0.128125
2 0.23203125 0.4890625 0.084375 0.1046875
2 0.62734375 0.75546875 0.0515625 0.08515625
2 0.57734375 0.50625 0.0515625 0.1140625
2 0.784375 0.67421875 0.06953125 0.1265625
2 0.28203125 0.56640625 0.04765625 0.1171875
2 0.01953125 0.421875 0.0390625 0.07890625
2 0.87421875 0.503125 0.08515625 0.1015625
0 0.22890625 0.65390625 0.08125 0.128125
0 0.278125 0.6796875 0.034375 0.11875
0 0.309375 0.67734375 0.04375 0.1171875
0 0.334375 0.6859375 0.04609375 0.17109375
0 0.52109375 0.78125 0.1015625 0.08203125
0 0.73125 0.75 0.08828125 0.08984375
0 0.68359375 0.709375 0.06875 0.05703125
0 0.71796875 0.61328125 0.0640625 0.16171875
0 0.628125 0.58515625 0.04609375 0.04921875
0 0.65234375 0.50546875 0.04453125 0.07265625
0 0.66171875 0.6453125 0.06484375 0.06796875
0 0.82265625 0.74375 0.0546875 0.1234375
0 0.85625 0.71484375 0.040625 0.1265625
0 0.7921875 0.5265625 0.03828125 0.0984375
0 0.77421875 0.48828125 0.04921875 0.09375
0 0.68203125 0.53359375 0.07265625 0.1484375
0 0.790625 0.59375 0.0703125 0.07890625
0 0.16484375 0.55625 0.04140625 0.096875
0 0.18828125 0.4984375 0.0609375 0.06171875
0 0.13359375 0.709375 0.06953125 0.09375
0 0.10859375 0.76484375 0.10078125 0.05078125
1 0.2453125 0.584375 0.06953125 0.05703125
0 0.053125 0.56484375 0.05703125 0.1140625
0 0.0171875 0.54453125 0.034375 0.1390625
0 0.75859375 0.42734375 0.06796875 0.17265625