0 0.234375 0.47578125 0.08203125 0.08359375
0 0.12421875 0.69765625 0.08203125 0.0859375
2 0.28046875 0.565625 0.0578125 0.134375
2 0.34140625 0.5765625 0.053125 0.11875
2 0.16796875 0.5140625 0.053125 0.1109375
2 0.65390625 0.76484375 0.10625 0.125
2 0.87421875 0.5046875 0.07734375 0.1171875
0 0.8828125 0.6109375 0.05546875 0.1140625
0 0.715625 0.6015625 0.07109375 0.1484375
0 0.684375 0.715625 0.078125 0.06953125
0 0.73125 0.74609375 0.084375 0.06640625
2 0.78203125 0.67421875 0.06484375 0.1234375
0 0.8296875 0.7390625 0.04140625 0.1234375
0 0.85625 0.70625 0.0609375 0.109375
0 0.7796875 0.59765625 0.06015625 0.06328125
2 0.79453125 0.53203125 0.03984375 0.08359375
0 0.7703125 0.48671875 0.05703125 0.140625
0 0.7609375 0.38125 0.06875 0.1234375
0 0.59140625 0.51875 0.05390625 0.1046875
0 0.32890625 0.703125 0.065625 0.153125
0 0.22890625 0.68046875 0.06875 0.18203125
0 0.28203125 0.68828125 0.0484375 0.1328125
0 0.190625 0.778125 0.03671875 0.1203125
0 0.1390625 0.6296875 0.05390625 0.1015625
0 0.06953125 0.46015625 0.0375 0.0953125
2 0.01953125 0.425 0.0390625 0.071875
0 0.01640625 0.54921875 0.0328125 0.1171875
0 0.05703125 0.55703125 0.04921875 0.1203125
0 0.01328125 0.6703125 0.0265625 0.11875
0 0.05625 0.659375 0.05234375 0.1125
0 0.02890625 0.48828125 0.05703125 0.06015625
0 0.08984375 0.41796875 0.06875 0.07109375
0 0.6890625 0.521875 0.06171875 0.1140625
0 0.6609375 0.65234375 0.08671875 0.08515625
0 0.828125 0.57421875 0.046875 0.06171875
0 0.5265625 0.7875 0.08046875 0.07265625
0 0.23203125 0.5796875 0.053125 0.09140625
0 0.2296875 0.7734375 0.07890625 0.07421875