2 0.23671875 0.478125 0.08125 0.08125
0 0.690625 0.39609375 0.08984375 0.08359375
2 0.34765625 0.5609375 0.08359375 0.1140625
2 0.58125 0.51328125 0.05546875 0.109375
2 0.284375 0.578125 0.05546875 0.14375
2 0.78671875 0.68046875 0.071875 0.1265625
0 0.71640625 0.6046875 0.075 0.16640625
0 0.2265625 0.66015625 0.078125 0.1546875
0 0.68125 0.70625 0.06953125 0.07890625
0 0.73515625 0.74375 0.0796875 0.06484375
0 0.83203125 0.73671875 0.0390625 0.11875
0 0.853125 0.70234375 0.03671875 0.1078125
0 0.68828125 0.52890625 0.06796875 0.14375
0 0.17734375 0.51953125 0.059375 0.10625
2 0.02734375 0.42890625 0.0546875 0.0953125
0 0.32109375 0.69609375 0.07890625 0.17890625
0 0.7703125 0.49296875 0.05234375 0.08515625
0 0.73671875 0.49140625 0.0328125 0.06015625
1 0.7953125 0.5234375 0.0328125 0.0984375
2 0.8875 0.4890625 0.078125 0.07109375
2 0.8734375 0.6 0.05234375 0.08984375
2 0.78125 0.590625 0.05703125 0.06640625
2 0.64609375 0.575 0.059375 0.08515625
2 0.6046875 0.6125 0.03671875 0.07109375
2 0.6609375 0.64375 0.0765625 0.06171875
2 0.128125 0.70078125 0.06171875 0.1109375
2 0.13984375 0.625 0.078125 0.1484375
2 0.0171875 0.553125 0.034375 0.11875
0 0.65234375 0.4984375 0.040625 0.07734375
0 0.65 0.75703125 0.09609375 0.121875
2 0.23203125 0.78203125 0.1078125 0.0953125
0 0.1046875 0.7609375 0.0875 0.03671875
0 0.22734375 0.57109375 0.07265625 0.07109375