2 0.10625 0.30859375 0.1609375 0.11015625
0 0.93203125 0.1484375 0.13046875 0.14296875
0 0.93671875 0.7859375 0.125 0.125
1 0.9390625 0.9484375 0.11953125 0.0890625
2 0.7421875 0.37109375 0.1171875 0.19140625
0 0.8296875 0.34609375 0.08046875 0.1
0 0.64375 0.91171875 0.15078125 0.15546875
2 0.17578125 0.53984375 0.12265625 0.26875
2 0.896875 0.6796875 0.1515625 0.14375
2 0.8390625 0.50546875 0.084375 0.121875
2 0.3859375 0.50546875 0.078125 0.096875
0 0.9765625 0.54453125 0.046875 0.228125
0 0.1015625 0.525 0.09375 0.1296875
0 0.06640625 0.7140625 0.1328125 0.2671875
0 0.15 0.74375 0.0734375 0.20390625
0 0.21953125 0.740625 0.07265625 0.259375
0 0.28828125 0.5140625 0.08515625 0.15703125
0 0.2765625 0.7203125 0.065625 0.28671875
0 0.5265625 0.66875 0.07578125 0.10625
2 0.190625 0.221875 0.0953125 0.09296875
0 0.340625 0.67890625 0.07265625 0.2625
2 0.84609375 0.8625 0.0984375 0.18515625