0 0.6421875 0.9109375 0.15078125 0.15625
2 0.10625 0.30703125 0.16171875 0.11328125
0 0.9375 0.78203125 0.12421875 0.1203125
0 0.94375 0.15546875 0.1125 0.1453125
0 0.93828125 0.9484375 0.12109375 0.08671875
0 0.97109375 0.54765625 0.0578125 0.2484375
2 0.18125 0.215625 0.10078125 0.07578125
2 0.2875 0.5140625 0.08828125 0.16328125
2 0.1640625 0.509375 0.1265625 0.240625
2 0.74375 0.365625 0.1109375 0.17578125
0 0.06171875 0.70703125 0.12265625 0.27578125
0 0.14609375 0.72109375 0.0734375 0.20859375
0 0.22265625 0.75390625 0.06328125 0.28203125
0 0.278125 0.74609375 0.065625 0.31328125
0 0.34140625 0.66953125 0.06171875 0.26875
1 0.88046875 0.36484375 0.07578125 0.15859375
2 0.83671875 0.875 0.10078125 0.23125
2 0.88515625 0.63671875 0.13203125 0.15
0 0.66875 0.7265625 0.115625 0.1171875
0 0.06328125 0.52109375 0.11953125 0.134375