2 0.23828125 0.47578125 0.08125 0.08359375
0 0.6890625 0.396875 0.090625 0.0859375
2 0.28359375 0.57265625 0.0640625 0.1203125
2 0.62734375 0.746875 0.0578125 0.08671875
2 0.784375 0.68359375 0.06796875 0.1328125
2 0.021875 0.428125 0.04375 0.078125
0 0.33984375 0.5828125 0.0515625 0.1125
0 0.32578125 0.69140625 0.05703125 0.1546875
0 0.22578125 0.66171875 0.075 0.1453125
2 0.24375 0.7828125 0.06953125 0.09375
0 0.2765625 0.690625 0.05546875 0.13125
0 0.178125 0.50859375 0.07109375 0.096875
0 0.1671875 0.53984375 0.0515625 0.07421875
0 0.57734375 0.51015625 0.0671875 0.1
0 0.65078125 0.5015625 0.0421875 0.08359375
0 0.68515625 0.5203125 0.065625 0.1296875
0 0.71484375 0.6078125 0.084375 0.1484375
0 0.74375 0.74765625 0.1203125 0.07578125
0 0.6890625 0.7125 0.08359375 0.06328125
0 0.63046875 0.57109375 0.053125 0.06796875
0 0.65546875 0.64140625 0.0796875 0.07890625
0 0.82890625 0.7421875 0.05 0.1171875
0 0.85234375 0.71875 0.04609375 0.1296875
1 0.79140625 0.60078125 0.07578125 0.08203125
2 0.77109375 0.490625 0.06015625 0.1109375
0 0.7328125 0.4859375 0.04453125 0.08359375
2 0.7953125 0.52421875 0.03984375 0.09140625
0 0.8703125 0.5078125 0.11953125 0.0953125
0 0.87265625 0.6125 0.0578125 0.1109375
0 0.8328125 0.42421875 0.0671875 0.08984375
2 0.37578125 0.5921875 0.0328125 0.06015625