2 0.284375 0.58046875 0.040625 0.1578125
2 0.23828125 0.46875 0.0875 0.06328125
2 0.02109375 0.41796875 0.0421875 0.06484375
2 0.58359375 0.509375 0.06015625 0.0953125
2 0.7828125 0.671875 0.0671875 0.121875
2 0.690625 0.70859375 0.08515625 0.05859375
2 0.37265625 0.58203125 0.02109375 0.07109375
2 0.23671875 0.7796875 0.08515625 0.07734375
2 0.1234375 0.6640625 0.07890625 0.16796875
0 0.75703125 0.3984375 0.05234375 0.16015625
0 0.69375 0.4 0.08359375 0.08046875
0 0.68515625 0.5171875 0.06953125 0.1546875
0 0.715625 0.61171875 0.07265625 0.153125
0 0.73671875 0.55234375 0.0390625 0.07109375
0 0.78828125 0.59296875 0.07265625 0.05859375
0 0.79140625 0.52578125 0.05234375 0.109375
0 0.8234375 0.565625 0.0453125 0.08203125
0 0.83828125 0.50546875 0.03671875 0.05703125
2 0.896875 0.5046875 0.09296875 0.1140625
0 0.8375 0.42578125 0.05625 0.0984375
0 0.6578125 0.6375 0.0625 0.06796875
0 0.83046875 0.7390625 0.03828125 0.1296875
0 0.85234375 0.7171875 0.0453125 0.134375
2 0.63359375 0.7359375 0.053125 0.07109375
0 0.225 0.671875 0.07890625 0.140625
0 0.17265625 0.5515625 0.059375 0.09140625
0 0.1265625 0.503125 0.0671875 0.1234375
0 0.05546875 0.5796875 0.046875 0.125
0 0.25078125 0.42109375 0.0625 0.06171875
0 0.3078125 0.4984375 0.065625 0.08984375
0 0.1078125 0.76015625 0.1015625 0.04765625
0 0.6265625 0.56953125 0.04453125 0.07109375
1 0.65546875 0.5 0.0375 0.07109375
0 0.74140625 0.7546875 0.09140625 0.08671875
0 0.3484375 0.68359375 0.06171875 0.19140625
0 0.278125 0.68125 0.0453125 0.1125
0 0.1859375 0.76875 0.03984375 0.1171875
0 0.225 0.56640625 0.0640625 0.08359375
1 0.80859375 0.35078125 0.0578125 0.121875