0 0.6421875 0.9109375 0.1578125 0.15625
0 0.11015625 0.31328125 0.16796875 0.125
0 0.93828125 0.9484375 0.1203125 0.0890625
0 0.93671875 0.78671875 0.12578125 0.128125
0 0.7390625 0.37578125 0.11796875 0.20078125
0 0.93828125 0.175 0.1234375 0.171875
2 0.15859375 0.52734375 0.13203125 0.28828125
2 0.83828125 0.85390625 0.084375 0.18984375
2 0.88671875 0.63984375 0.14296875 0.140625
2 0.30234375 0.50546875 0.1 0.15
2 0.18828125 0.21796875 0.1109375 0.0953125
2 0.3734375 0.51328125 0.0625 0.125
0 0.153125 0.75703125 0.0984375 0.2578125
0 0.2625 0.740625 0.0953125 0.32109375
0 0.7625 0.553125 0.0796875 0.17109375
0 0.88515625 0.36484375 0.0828125 0.146875
0 0.834375 0.49375 0.09375 0.1234375
0 0.0625 0.70703125 0.125 0.2734375
0 0.0578125 0.53984375 0.11484375 0.15703125