0 0.2375 0.478125 0.0796875 0.08125
0 0.69609375 0.390625 0.10703125 0.09375
2 0.2890625 0.56796875 0.065625 0.1421875
2 0.021875 0.43203125 0.04375 0.08046875
2 0.58515625 0.51796875 0.046875 0.115625
2 0.8890625 0.49453125 0.06796875 0.09140625
2 0.78984375 0.675 0.0765625 0.125
0 0.06796875 0.46171875 0.04453125 0.08046875
0 0.05546875 0.5765625 0.05 0.128125
0 0.025 0.51484375 0.04921875 0.09140625
0 0.17421875 0.52109375 0.059375 0.109375
0 0.16640625 0.64296875 0.065625 0.19609375
0 0.13203125 0.62109375 0.04453125 0.103125
0 0.13515625 0.70078125 0.078125 0.1078125
0 0.109375 0.76875 0.0953125 0.03984375
0 0.2265625 0.675 0.0796875 0.146875
0 0.23125 0.57109375 0.05703125 0.05859375
0 0.340625 0.57421875 0.06171875 0.07734375
0 0.315625 0.69296875 0.10234375 0.18515625
0 0.6796875 0.71015625 0.0796875 0.07109375
0 0.73515625 0.74375 0.07890625 0.04921875
0 0.7171875 0.62109375 0.07265625 0.15625
0 0.68515625 0.5296875 0.06953125 0.1421875
0 0.6265625 0.4828125 0.0359375 0.1046875
0 0.76015625 0.38125 0.07109375 0.1140625
0 0.7625 0.4703125 0.06171875 0.0984375
0 0.7921875 0.521875 0.0546875 0.07421875
0 0.8359375 0.42109375 0.0640625 0.08359375
0 0.83359375 0.55 0.03828125 0.06640625
0 0.86640625 0.59296875 0.053125 0.1171875
1 0.79921875 0.59765625 0.09140625 0.04453125
0 0.8578125 0.7140625 0.05703125 0.153125
0 0.83125 0.7421875 0.03984375 0.1140625
0 0.221875 0.77109375 0.0984375 0.1
0 0.2625 0.41328125 0.04921875 0.06171875
0 0.22890625 0.42734375 0.03828125 0.05546875
0 0.29375 0.42109375 0.04140625 0.07421875
0 0.096875 0.415625 0.053125 0.07265625
0 0.0984375 0.79765625 0.1453125 0.04296875
2 0.64296875 0.75859375 0.09140625 0.10625
0 0.5359375 0.77734375 0.1 0.07578125
0 0.60234375 0.60546875 0.0546875 0.125
0 0.6578125 0.63671875 0.06796875 0.096875