0 0.6421875 0.91640625 0.15390625 0.14609375
0 0.93671875 0.7984375 0.125 0.11875
0 0.796875 0.2984375 0.065625 0.121875
2 0.846875 0.8640625 0.084375 0.18203125
2 0.74453125 0.371875 0.10234375 0.16640625
2 0.8390625 0.51015625 0.07578125 0.103125
1 0.9765625 0.55390625 0.046875 0.2109375
2 0.9328125 0.940625 0.1046875 0.11875
2 0.18046875 0.51953125 0.10625 0.2296875
2 0.30234375 0.50390625 0.1 0.15
2 0.12265625 0.33359375 0.18046875 0.1421875
0 0.04296875 0.35625 0.0859375 0.171875
2 0.38125 0.50546875 0.0578125 0.109375
0 0.09296875 0.51328125 0.09140625 0.125
0 0.0703125 0.6953125 0.140625 0.3
0 0.03828125 0.84375 0.07578125 0.19453125
0 0.28984375 0.70859375 0.08671875 0.225
0 0.35078125 0.70390625 0.0734375 0.225
0 0.22265625 0.75390625 0.07890625 0.2453125
0 0.15859375 0.7171875 0.075 0.20859375
0 0.18046875 0.90703125 0.06484375 0.08671875
0 0.93984375 0.20625 0.11953125 0.15625
2 0.5109375 0.75 0.059375 0.05859375