0 0.64140625 0.91171875 0.15390625 0.15546875
0 0.9359375 0.17578125 0.128125 0.1953125
0 0.93671875 0.7859375 0.12578125 0.125
0 0.109375 0.30625 0.16796875 0.11015625
0 0.93984375 0.9484375 0.1171875 0.0890625
0 0.890625 0.65390625 0.14765625 0.15625
0 0.096875 0.55859375 0.0796875 0.1203125
0 0.28203125 0.5015625 0.08671875 0.16328125
0 0.26875 0.71875 0.1203125 0.246875
2 0.37734375 0.540625 0.07109375 0.17109375
2 0.7640625 0.5328125 0.11015625 0.15
2 0.83671875 0.8484375 0.0953125 0.21015625
2 0.8875 0.3765625 0.0609375 0.16328125
0 0.9796875 0.5609375 0.040625 0.2515625
2 0.16875 0.5171875 0.11484375 0.259375
2 0.0640625 0.7140625 0.12734375 0.28515625
0 0.15703125 0.7359375 0.08515625 0.21640625
0 0.671875 0.73515625 0.10234375 0.15