2 0.23515625 0.475 0.0796875 0.07421875
2 0.3375 0.5984375 0.05703125 0.1328125
2 0.57890625 0.5 0.0484375 0.1203125
2 0.7828125 0.6703125 0.06015625 0.13125
2 0.68671875 0.40625 0.06015625 0.08046875
2 0.775 0.48359375 0.06015625 0.1125
2 0.87421875 0.50234375 0.11484375 0.10625
0 0.16640625 0.55234375 0.05 0.1078125
0 0.18359375 0.50546875 0.040625 0.06640625
0 0.13046875 0.63125 0.0578125 0.1234375
0 0.13125 0.70859375 0.07890625 0.1046875
0 0.2296875 0.67421875 0.10703125 0.17578125
0 0.2625 0.6265625 0.10078125 0.19140625
2 0.28671875 0.55859375 0.05546875 0.1140625
2 0.68515625 0.71171875 0.08515625 0.06171875
2 0.74375 0.7390625 0.065625 0.05546875
1 0.71796875 0.62265625 0.06796875 0.15625
0 0.684375 0.52734375 0.06484375 0.140625
0 0.82734375 0.7375 0.053125 0.1203125
0 0.859375 0.71640625 0.05234375 0.1265625
0 0.6234375 0.58515625 0.04375 0.05859375
0 0.66328125 0.64609375 0.06171875 0.09140625
0 0.76484375 0.3859375 0.065625 0.1203125
0 0.73515625 0.4890625 0.034375 0.06171875
0 0.88046875 0.6015625 0.04609375 0.08046875
0 0.6078125 0.61171875 0.04453125 0.09140625
2 0.634375 0.74296875 0.05 0.06953125
1 0.79140625 0.59453125 0.0828125 0.08515625
2 0.62421875 0.47109375 0.0421875 0.08828125