0 0.6421875 0.9109375 0.15390625 0.15625
0 0.93828125 0.78671875 0.12265625 0.12578125
0 0.93828125 0.94609375 0.12265625 0.090625
0 0.30078125 0.46875 0.22265625 0.178125
0 0.10625 0.31015625 0.16328125 0.11875
0 0.55703125 0.23828125 0.12265625 0.13203125
2 0.7390625 0.3734375 0.09375 0.2296875
0 0.071875 0.7109375 0.14375 0.29140625
2 0.16875 0.53125 0.10390625 0.228125
2 0.20078125 0.22265625 0.1140625 0.1
2 0.8328125 0.84375 0.1 0.1375
0 0.67734375 0.7296875 0.10859375 0.1390625
0 0.975 0.53125 0.05 0.25625
2 0.89765625 0.646875 0.14296875 0.1484375
0 0.28125 0.7359375 0.11484375 0.28125
2 0.09453125 0.540625 0.09140625 0.140625
2 0.81171875 0.3109375 0.06796875 0.146875