0 0.9375 0.14609375 0.11796875 0.13671875
0 0.64296875 0.91171875 0.15546875 0.15546875
0 0.9390625 0.9484375 0.1203125 0.0890625
0 0.93671875 0.7859375 0.12578125 0.1234375
2 0.10546875 0.30703125 0.16171875 0.11328125
0 0.88984375 0.38125 0.090625 0.18203125
2 0.18671875 0.2125 0.0984375 0.07265625
2 0.171875 0.51640625 0.11796875 0.2234375
2 0.37421875 0.51796875 0.05546875 0.103125
2 0.73828125 0.36328125 0.103125 0.17421875
2 0.76484375 0.55703125 0.07734375 0.17578125
2 0.896875 0.6703125 0.15625 0.128125
0 0.97421875 0.54296875 0.0515625 0.2265625
0 0.25703125 0.7453125 0.13125 0.28359375
0 0.29140625 0.5140625 0.07890625 0.16953125
0 0.15859375 0.7375 0.10390625 0.221875
0 0.07734375 0.7109375 0.1546875 0.3125
0 0.53203125 0.66484375 0.06796875 0.0984375
0 0.671875 0.73671875 0.1125 0.109375
0 0.3453125 0.696875 0.0703125 0.2203125
0 0.07890625 0.91171875 0.121875 0.17578125
0 0.290625 0.93203125 0.2203125 0.1359375
2 0.83984375 0.86875 0.1046875 0.20703125