0 0.9390625 0.9484375 0.11953125 0.0890625
0 0.93125 0.1484375 0.1296875 0.1390625
0 0.10546875 0.31640625 0.16953125 0.128125
0 0.93671875 0.7859375 0.12578125 0.1234375
0 0.64375 0.9109375 0.1453125 0.15859375
0 0.83046875 0.34609375 0.0796875 0.1015625
2 0.18828125 0.21171875 0.103125 0.1015625
2 0.1703125 0.5171875 0.11640625 0.234375
2 0.8375 0.85234375 0.1015625 0.17734375
2 0.2921875 0.515625 0.08046875 0.18515625
2 0.73671875 0.35859375 0.11953125 0.16171875
2 0.37734375 0.50390625 0.06015625 0.1
2 0.37421875 0.59140625 0.05390625 0.0984375
2 0.8890625 0.640625 0.1453125 0.1296875
1 0.89609375 0.3796875 0.06328125 0.16015625
2 0.8375 0.49375 0.10703125 0.1171875
2 0.77109375 0.54921875 0.1015625 0.16640625
2 0.0921875 0.55546875 0.1078125 0.1453125
0 0.21953125 0.74765625 0.06953125 0.29765625
0 0.28046875 0.746875 0.06015625 0.25625
0 0.3390625 0.68984375 0.06875 0.23125
0 0.7875 0.30234375 0.05703125 0.1453125
0 0.9796875 0.5203125 0.040625 0.240625