0 0.6421875 0.9109375 0.1515625 0.15859375
2 0.10546875 0.31015625 0.16171875 0.11484375
0 0.9375 0.78515625 0.12421875 0.12421875
0 0.9390625 0.9484375 0.11953125 0.0890625
0 0.5671875 0.60390625 0.06953125 0.10625
2 0.728125 0.36015625 0.11796875 0.16171875
2 0.846875 0.85625 0.0859375 0.18203125
2 0.16796875 0.53046875 0.103125 0.2578125
2 0.28828125 0.51328125 0.0765625 0.16484375
2 0.37734375 0.5078125 0.06171875 0.1171875
2 0.38203125 0.59453125 0.0734375 0.115625
2 0.8796875 0.625 0.13046875 0.1140625
0 0.09765625 0.55 0.09140625 0.140625
0 0.071875 0.703125 0.14296875 0.29765625
0 0.21640625 0.75625 0.065625 0.265625
0 0.28828125 0.740625 0.075 0.29921875
0 0.27734375 0.778125 0.05625 0.24375
2 0.2109375 0.23302469218750002 0.21701388906250002 0.24691358124999999 0.22048611093749998 0.259259259375 0.22482638906250002 0.2654320984375 0.2265625 0.2438271609375 0.22916666718749998 0.22839506250000002 0.230034721875 0.2160493828125 0.23263888906250002 0.20061728437499998 0.23350694375 0.19598765468749998 0.22395833281250002 0.19135802500000001 0.21701388906250002 0.1851851859375 0.21614583281250002 0.1851851859375 0.20399305625 0.1774691359375 0.1953125 0.17901234531250002 0.1875 0.182098765625 0.17534722187500001 0.1851851859375 0.1953125 0.20833333281250002 0.1979166671875 0.2145061734375 0.2109375 0.23302469218750002
0 0.34296875 0.71171875 0.06328125 0.234375
0 0.15703125 0.7390625 0.0890625 0.240625
0 0.93359375 0.17734375 0.1328125 0.1390625
0 0.83515625 0.4953125 0.10078125 0.1328125
2 0.75625 0.57109375 0.1109375 0.19140625