0 0.34765625 0.5609375 0.084375 0.11796875
0 0.68515625 0.71015625 0.084375 0.07734375
2 0.62734375 0.74609375 0.040625 0.096875
2 0.284375 0.57578125 0.0578125 0.1296875
2 0.78671875 0.67890625 0.0625 0.1359375
0 0.76328125 0.3921875 0.0625 0.1234375
0 0.809375 0.3625 0.06171875 0.1390625
0 0.88359375 0.47734375 0.071875 0.05703125
2 0.9765625 0.571875 0.046875 0.13125
0 0.16953125 0.54375 0.0671875 0.115625
0 0.18046875 0.5078125 0.0484375 0.1109375
0 0.06875 0.465625 0.04140625 0.109375
2 0.021875 0.42265625 0.04375 0.07421875
0 0.240625 0.5734375 0.0609375 0.07578125
0 0.2265625 0.66484375 0.06796875 0.1390625
0 0.29140625 0.70625 0.06015625 0.15859375
0 0.3390625 0.67890625 0.040625 0.15703125
0 0.13125 0.65703125 0.05234375 0.16015625
0 0.6875 0.50859375 0.059375 0.1125
0 0.73359375 0.490625 0.0375 0.07734375
0 0.87890625 0.58203125 0.0546875 0.0984375
0 0.86953125 0.71484375 0.078125 0.1234375
0 0.8328125 0.73671875 0.0484375 0.1
0 0.7375 0.75 0.08828125 0.08984375
0 0.05 0.5921875 0.04375 0.15859375
0 0.0171875 0.54296875 0.03359375 0.1171875
2 0.1979166671875 0.48919753125 0.19965277812499999 0.49845678906249996 0.20399305625 0.51851851875 0.2109375 0.54012345625 0.21354166718749998 0.549382715625 0.2265625 0.5540123453125 0.23263888906250002 0.5524691359375 0.2421875 0.549382715625 0.24913194375 0.546296296875 0.25868055624999997 0.5324074078125001 0.26649305624999997 0.520061728125 0.2708333328125 0.5046296296875 0.2760416671875 0.487654321875 0.2760416671875 0.4675925921875 0.26996527812500004 0.45987654375 0.2630208328125 0.442901234375 0.2526041671875 0.4459876546875 0.24131944375 0.44753086406250003 0.22395833281250002 0.45216049375 0.207465278125 0.44907407343749994 0.19965277812499999 0.450617284375 0.19618055625 0.47067901250000005 0.1953125 0.4768518515625 0.1979166671875 0.48919753125
0 0.83125 0.54296875 0.06328125 0.1234375
0 0.528125 0.7703125 0.09453125 0.07421875
0 0.209375 0.7640625 0.0796875 0.08984375
0 0.59921875 0.4734375 0.0609375 0.09296875
0 0.11796875 0.515625 0.05 0.1421875