0 0.77890625 0.18203125 0.11015625 0.1609375
0 0.18828125 0.13671875 0.15390625 0.171875
0 0.71953125 0.87421875 0.11484375 0.14375
2 0.4 0.77421875 0.09921875 0.196875
2 0.4125 0.45234375 0.13125 0.14375
0 0.87109375 0.41640625 0.12578125 0.21875
2 0.0296875 0.46953125 0.05859375 0.14375
0 0.90234375 0.86796875 0.109375 0.16015625
0 0.51015625 0.54140625 0.10859375 0.16328125
0 0.7421875 0.409375 0.12734375 0.259375
0 0.2171875 0.54453125 0.11171875 0.1453125
0 0.87890625 0.62578125 0.07734375 0.08515625
1 0.0578125 0.73671875 0.115625 0.2703125
0 0.9640625 0.39453125 0.06953125 0.18984375
0 0.5140625 0.17890625 0.090625 0.1359375
2 0.03984375 0.15625 0.0734375 0.19765625
0 0.13125 0.23359375 0.0859375 0.14375
0 0.14296875 0.49296875 0.10625 0.18359375
0 0.94609375 0.2140625 0.05 0.125
2 0.9796875 0.2703125 0.03984375 0.08984375
0 0.57734375 0.18671875 0.07578125 0.1296875
0 0.81171875 0.865625 0.09140625 0.1390625