0 0.18984375 0.765625 0.203125 0.2125
0 0.76953125 0.88515625 0.14453125 0.1203125
0 0.6984375 0.5609375 0.0796875 0.109375
0 0.6859375 0.7 0.0953125 0.146875
0 0.653125 0.34140625 0.0859375 0.17265625
0 0.7203125 0.2046875 0.0890625 0.21171875
0 0.84140625 0.6046875 0.0578125 0.1234375
0 0.9078125 0.6484375 0.11484375 0.1078125
0 0.35546875 0.90625 0.084375 0.109375
2 0.77421875 0.4609375 0.0796875 0.17734375
2 0.575 0.7640625 0.1015625 0.1234375
2 0.60703125 0.85703125 0.09609375 0.1
1 0.7578125 0.66953125 0.0609375 0.0984375