0 0.63984375 0.67890625 0.12421875 0.28984375
0 0.61015625 0.11875 0.10234375 0.128125
0 0.7265625 0.46328125 0.18125 0.2953125
0 0.0734375 0.37421875 0.14609375 0.63203125
0 0.7421875 0.1140625 0.18515625 0.1203125
0 0.0625 0.38125 0.125 0.56796875
0 0.60234375 0.3 0.12265625 0.21171875
0 0.82890625 0.7703125 0.1609375 0.21015625
0 0.196875 0.77109375 0.1828125 0.18359375
0 0.0578125 0.80703125 0.11484375 0.234375
0 0.29296875 0.3875 0.11875 0.253125
0 0.38359375 0.64140625 0.1375 0.35625
0 0.19296875 0.53828125 0.15859375 0.25625
0 0.55078125 0.8828125 0.09453125 0.17578125
2 0.6390625 0.875 0.10859375 0.1328125