0 0.35 0.54140625 0.15390625 0.321875
0 0.17265625 0.51171875 0.15859375 0.2515625
0 0.6859375 0.34140625 0.08359375 0.2
0 0.8109375 0.3765625 0.1140625 0.18984375
0 0.15625 0.1265625 0.11484375 0.14375
0 0.9109375 0.19765625 0.175 0.27890625
0 0.496875 0.55546875 0.11015625 0.225
0 0.41484375 0.75546875 0.1640625 0.2453125
0 0.65 0.5640625 0.13359375 0.2609375
0 0.6234375 0.75390625 0.07578125 0.096875
2 0.8734375 0.58125 0.07578125 0.15
0 0.44375 0.33203125 0.15078125 0.228125
2 0.38828125 0.1671875 0.0890625 0.13125
0 0.11484375 0.259375 0.22890625 0.253125
2 0.41328125 0.10390625 0.13046875 0.14375
2 0.590625 0.86640625 0.0875 0.16171875
2 0.6609375 0.8171875 0.06953125 0.18671875
0 0.60625 0.221875 0.09609375 0.21328125
1 0.33046875 0.3234375 0.1453125 0.18984375
0 0.046875 0.53125 0.09375 0.45625
2 0.05234375 0.875 0.1046875 0.2484375
0 0.2359375 0.74296875 0.0984375 0.10625
0 0.1421875 0.77109375 0.04453125 0.09140625
0 0.20234375 0.8515625 0.128125 0.1140625
0 0.02890625 0.2046875 0.05703125 0.103125
0 0.05625 0.09296875 0.1125 0.09296875