0 0.69765625 0.37890625 0.15078125 0.225
0 0.09296875 0.43203125 0.11953125 0.24453125
0 0.6109375 0.140625 0.16796875 0.17890625
0 0.22890625 0.83125 0.11171875 0.21171875
0 0.915625 0.36875 0.11171875 0.178125
0 0.2203125 0.54140625 0.09296875 0.16640625
0 0.05625 0.87890625 0.1109375 0.13203125
0 0.08125 0.20390625 0.10078125 0.17578125
2 0.9265625 0.71796875 0.07109375 0.08984375
1 0.88828125 0.1859375 0.08515625 0.15859375
0 0.52421875 0.5796875 0.1546875 0.19609375
0 0.52578125 0.7984375 0.071875 0.18671875
0 0.33359375 0.5453125 0.13359375 0.2578125
1 0.78828125 0.521875 0.078125 0.1390625
1 0.83359375 0.46875 0.0578125 0.1203125
1 0.8734375 0.4953125 0.0296875 0.09296875
0 0.73359375 0.11171875 0.11796875 0.11875
0 0.3890625 0.13828125 0.22734375 0.19296875
0 0.20546875 0.24921875 0.1953125 0.2640625