0 0.26953125 0.13359375 0.3015625 0.18359375
0 0.42890625 0.51328125 0.14375 0.35625
0 0.90859375 0.40703125 0.18046875 0.375
0 0.65234375 0.33203125 0.196875 0.228125
2 0.4265625 0.2421875 0.0671875 0.1484375
2 0.190625 0.603125 0.1015625 0.225
2 0.1828125 0.3921875 0.1015625 0.1015625
0 0.334375 0.2890625 0.1125 0.115625
0 0.634375 0.63203125 0.134375 0.33828125
0 0.33125 0.46484375 0.109375 0.1359375
0 0.11640625 0.134375 0.23203125 0.17578125
0 0.50078125 0.11796875 0.2 0.18046875
0 0.95546875 0.240625 0.08828125 0.20078125