0 0.4375 0.70546875 0.13046875 0.19296875
0 0.80625 0.16328125 0.1828125 0.2140625
0 0.55703125 0.80546875 0.09609375 0.2
0 0.42890625 0.47578125 0.13984375 0.2203125
0 0.54921875 0.23671875 0.14921875 0.24453125
0 0.8421875 0.77109375 0.07578125 0.19296875
0 0.715625 0.5109375 0.0828125 0.16796875
0 0.58359375 0.49375 0.08203125 0.171875
0 0.32890625 0.328125 0.11015625 0.25546875
1 0.39140625 0.15859375 0.0984375 0.20078125
0 0.26484375 0.48828125 0.0921875 0.103125
0 0.21171875 0.4078125 0.07578125 0.115625
0 0.10703125 0.48046875 0.09375 0.10625
0 0.17734375 0.61484375 0.13515625 0.29453125
0 0.04921875 0.73828125 0.0984375 0.2484375
0 0.6765625 0.4796875 0.08046875 0.1515625
0 0.678125 0.58828125 0.0921875 0.16015625
0 0.8 0.71875 0.08671875 0.1296875
0 0.803125 0.38046875 0.0578125 0.2703125
0 0.71015625 0.36875 0.07109375 0.1296875
0 0.434375 0.31875 0.08046875 0.128125
0 0.334375 0.721875 0.109375 0.16328125
0 0.91953125 0.346875 0.1109375 0.1359375