0 0.190625 0.61328125 0.11953125 0.175
0 0.6734375 0.1984375 0.1828125 0.26328125
0 0.49453125 0.1734375 0.17265625 0.2296875
0 0.06171875 0.20859375 0.12265625 0.29375
0 0.61484375 0.43203125 0.14296875 0.24296875
0 0.37421875 0.45078125 0.09921875 0.17578125
0 0.075 0.753125 0.1109375 0.19296875
0 0.0765625 0.55546875 0.11953125 0.228125
0 0.92578125 0.278125 0.0984375 0.1515625
0 0.7421875 0.53203125 0.14609375 0.275
0 0.4515625 0.58828125 0.08671875 0.18203125
0 0.2671875 0.84140625 0.14921875 0.20390625