0 0.06796875 0.45390625 0.13359375 0.17109375
0 0.6546875 0.29453125 0.13984375 0.2046875
0 0.165625 0.66640625 0.0671875 0.128125
0 0.5609375 0.78828125 0.10859375 0.225
0 0.6609375 0.1234375 0.11328125 0.13671875
0 0.859375 0.16171875 0.09296875 0.16875
0 0.5375 0.31953125 0.12109375 0.2796875
0 0.20625 0.41796875 0.09921875 0.15625
0 0.90546875 0.51953125 0.14453125 0.24921875
0 0.5046875 0.53671875 0.178125 0.2375
0 0.4140625 0.640625 0.1234375 0.21015625
0 0.021875 0.22421875 0.04375 0.2421875
2 0.30703125 0.76953125 0.07109375 0.18984375
1 0.271875 0.5234375 0.06953125 0.1203125
1 0.2375 0.5859375 0.04609375 0.09375
0 0.2546875 0.11484375 0.11015625 0.15
0 0.63515625 0.79296875 0.0875 0.16328125
0 0.715625 0.8796875 0.10390625 0.1484375