0 0.8125 0.71953125 0.29140625 0.4453125
0 0.24140625 0.72578125 0.21015625 0.3515625
0 0.60546875 0.703125 0.13125 0.18359375
0 0.35234375 0.196875 0.04609375 0.09140625
0 0.5328125 0.365625 0.1390625 0.17890625
0 0.3875 0.22421875 0.04921875 0.05390625
0 0.41015625 0.196875 0.0234375 0.04453125
0 0.44921875 0.16875 0.06484375 0.06328125
0 0.43828125 0.24921875 0.0546875 0.115625
0 0.44765625 0.6328125 0.1734375 0.33984375
0 0.51171875 0.89921875 0.3125 0.20078125
0 0.97578125 0.24296875 0.04765625 0.371875
0 0.9421875 0.4890625 0.11484375 0.21015625
0 0.834375 0.46171875 0.1453125 0.16953125
0 0.80859375 0.1 0.0421875 0.06796875
0 0.8484375 0.1203125 0.046875 0.07421875
0 0.8578125 0.1796875 0.0390625 0.08828125
0 0.8953125 0.13984375 0.0390625 0.07890625
0 0.64296875 0.15 0.103125 0.07109375
0 0.7296875 0.1609375 0.08359375 0.07890625
0 0.80625 0.16796875 0.07734375 0.08984375
0 0.9125 0.23125 0.08359375 0.19140625
0 0.1578125 0.2078125 0.0625 0.08828125
0 0.2515625 0.2515625 0.04765625 0.06484375
0 0.265625 0.2875 0.0609375 0.04453125
0 0.10859375 0.26484375 0.0765625 0.09140625
0 0.09609375 0.36953125 0.11484375 0.1
0 0.4171875 0.3578125 0.084375 0.1046875