0 0.51015625 0.8890625 0.08984375 0.18125
0 0.25625 0.78984375 0.08046875 0.19140625
0 0.340625 0.7625 0.08515625 0.1453125
0 0.21640625 0.65703125 0.10703125 0.1421875
0 0.6546875 0.89765625 0.1359375 0.15859375
0 0.3640625 0.46875 0.0796875 0.19765625
1 0.42890625 0.321875 0.0859375 0.14375
0 0.11328125 0.4609375 0.06484375 0.153125
0 0.13046875 0.68359375 0.0921875 0.21875
0 0.2046875 0.890625 0.078125 0.1140625
0 0.53046875 0.346875 0.04609375 0.09296875
2 0.3578125 0.196875 0.05390625 0.1125
0 0.3015625 0.3140625 0.11484375 0.13125
0 0.43671875 0.7234375 0.1078125 0.21875
0 0.40390625 0.91015625 0.15 0.1515625
0 0.41171875 0.64765625 0.0828125 0.096875
0 0.12578125 0.915625 0.11953125 0.16875