0 0.85 0.81875 0.14921875 0.3609375
0 0.509375 0.896875 0.0953125 0.19375
0 0.26015625 0.7765625 0.10234375 0.18203125
0 0.38046875 0.30390625 0.04140625 0.1265625
0 0.44140625 0.75234375 0.07734375 0.20234375
2 0.40546875 0.640625 0.0609375 0.1078125
0 0.20859375 0.64921875 0.11015625 0.125
0 0.134375 0.64296875 0.04375 0.1125
0 0.4453125 0.315625 0.05234375 0.09375
0 0.31796875 0.309375 0.04609375 0.07578125
0 0.278125 0.3296875 0.0390625 0.08828125
2 0.3125 0.25859375 0.04375 0.03203125
0 0.34609375 0.7703125 0.09140625 0.1328125
0 0.3421875 0.86953125 0.0921875 0.1125
0 0.4109375 0.90390625 0.0984375 0.17421875
0 0.615625 0.8671875 0.20390625 0.265625
0 0.11015625 0.45390625 0.0421875 0.1359375
2 0.16640625 0.5078125 0.096875 0.20390625
0 0.4828125 0.3390625 0.05 0.07578125
1 0.35 0.434375 0.0828125 0.125