0 0.6359375 0.59140625 0.17421875 0.18671875
0 0.34921875 0.43515625 0.16328125 0.26875
0 0.11171875 0.1359375 0.2234375 0.25625
0 0.31328125 0.09765625 0.178125 0.19375
0 0.14296875 0.78125 0.18515625 0.21015625
0 0.91171875 0.22890625 0.175 0.24921875
0 0.53828125 0.07578125 0.1859375 0.15
0 0.3890625 0.1703125 0.18046875 0.21484375
0 0.71328125 0.1125 0.1765625 0.225
0 0.503125 0.36796875 0.121875 0.121875
0 0.5125 0.5171875 0.13203125 0.1421875
0 0.2625 0.35234375 0.1578125 0.1
0 0.240625 0.22890625 0.1109375 0.09375
0 0.365625 0.70703125 0.1859375 0.15703125
0 0.83984375 0.5078125 0.1171875 0.1140625
0 0.778125 0.56171875 0.0984375 0.1046875
0 0.5875 0.3078125 0.0984375 0.28828125