0 0.08515625 0.15859375 0.1703125 0.3171875
0 0.790625 0.15546875 0.2234375 0.30703125
0 0.465625 0.053125 0.1390625 0.10390625
0 0.2796875 0.0625 0.24921875 0.125
0 0.28515625 0.17109375 0.2296875 0.1359375
0 0.60546875 0.1109375 0.1953125 0.221875
0 0.5125 0.29609375 0.08828125 0.3734375
0 0.43125 0.17265625 0.0890625 0.1109375
0 0.44296875 0.36640625 0.0875 0.2265625
0 0.365625 0.3 0.0828125 0.2234375
0 0.31171875 0.3578125 0.11875 0.28125
2 0.22109375 0.35625 0.1265625 0.24375
0 0.659375 0.4640625 0.084375 0.146875
0 0.628125 0.27890625 0.1125 0.20859375
0 0.42421875 0.5765625 0.0484375 0.18671875
0 0.50234375 0.5578125 0.071875 0.11875
0 0.5515625 0.48203125 0.06015625 0.11875
0 0.73203125 0.38125 0.090625 0.1453125
0 0.21171875 0.66171875 0.0890625 0.20703125
0 0.253125 0.5171875 0.08671875 0.20078125
0 0.328125 0.546875 0.09375 0.134375
0 0.35078125 0.65625 0.08359375 0.11875
0 0.12734375 0.5125 0.115625 0.3859375
0 0.15703125 0.72421875 0.15703125 0.109375