2 0.29609375 0.11953125 0.146875 0.23828125
0 0.6921875 0.03359375 0.1625 0.0671875
0 0.12265625 0.14296875 0.24453125 0.2703125
0 0.4640625 0.171875 0.2265625 0.34375
0 0.7203125 0.19609375 0.1609375 0.19765625
0 0.5890625 0.21875 0.096875 0.4375
0 0.690625 0.4234375 0.13125 0.2453125
2 0.74921875 0.36484375 0.103125 0.153125
0 0.30625 0.28203125 0.15859375 0.2375
0 0.48359375 0.41953125 0.1625 0.16640625
0 0.50390625 0.49375 0.12421875 0.29921875
2 0.63515625 0.553125 0.10859375 0.20234375
0 0.47109375 0.6984375 0.15078125 0.19296875
0 0.2640625 0.4671875 0.1078125 0.2484375
0 0.36171875 0.5703125 0.15546875 0.2359375
0 0.14296875 0.37890625 0.16875 0.19921875
0 0.3453125 0.84453125 0.10703125 0.16484375
0 0.08359375 0.7625 0.16640625 0.20078125
0 0.190625 0.803125 0.1078125 0.21796875