0 0.28828125 0.18125 0.20625 0.2265625
0 0.43984375 0.1296875 0.11953125 0.259375
0 0.1765625 0.3359375 0.128125 0.21796875
0 0.3328125 0.42578125 0.221875 0.31171875
0 0.28984375 0.4953125 0.13125 0.23125
0 0.20078125 0.54609375 0.1578125 0.1546875
0 0.15859375 0.6875 0.15078125 0.16484375
0 0.21171875 0.90390625 0.1203125 0.1921875
0 0.3265625 0.69296875 0.128125 0.1484375
0 0.3 0.75234375 0.09609375 0.115625
0 0.36953125 0.85390625 0.11484375 0.29140625
0 0.425 0.665625 0.09296875 0.121875
0 0.52578125 0.87265625 0.18125 0.2234375
0 0.49453125 0.6828125 0.07265625 0.2453125
0 0.55234375 0.24921875 0.13828125 0.16796875
0 0.603125 0.1140625 0.13125 0.228125
0 0.809375 0.56796875 0.23359375 0.21640625
0 0.67421875 0.35625 0.17265625 0.16328125
0 0.6234375 0.4125 0.078125 0.21484375
0 0.60703125 0.5390625 0.25234375 0.4890625
0 0.590625 0.77734375 0.125 0.21171875
0 0.84140625 0.7484375 0.1734375 0.1203125
0 0.75078125 0.1390625 0.1671875 0.278125
0 0.82734375 0.3328125 0.0921875 0.153125
0 0.72109375 0.83671875 0.15078125 0.0984375
0 0.6765625 0.9453125 0.11640625 0.08515625
0 0.8265625 0.90390625 0.14140625 0.16796875
0 0.89375 0.440625 0.065625 0.17421875
0 0.95390625 0.68828125 0.0921875 0.17265625
0 0.93984375 0.9140625 0.11953125 0.17109375
0 0.45234375 0.325 0.096875 0.125
0 0.4734375 0.49765625 0.109375 0.18046875