0 0.203125 0.0859375 0.3015625 0.1703125
0 0.48515625 0.075 0.2640625 0.15
0 0.15546875 0.58125 0.2171875 0.353125
0 0.43671875 0.90703125 0.11640625 0.1796875
0 0.35 0.2171875 0.165625 0.18359375
0 0.17265625 0.3015625 0.21328125 0.2359375
2 0.35234375 0.40625 0.1296875 0.16640625
2 0.384375 0.6546875 0.15625 0.17265625
2 0.49296875 0.584375 0.21171875 0.13125
2 0.5046875 0.31640625 0.178125 0.1109375
2 0.309375 0.51328125 0.18984375 0.153125
0 0.53203125 0.678125 0.12421875 0.13125
0 0.34140625 0.77109375 0.12578125 0.1375
0 0.53359375 0.8 0.09296875 0.128125
0 0.534375 0.93203125 0.09375 0.1296875
0 0.33671875 0.87265625 0.11875 0.115625
0 0.28671875 0.93828125 0.17109375 0.1234375
2 0.0484375 0.33359375 0.09609375 0.16640625
0 0.51328125 0.18203125 0.178125 0.1046875
0 0.50234375 0.4265625 0.1734375 0.128125