0 0.45859375 0.69921875 0.17734375 0.30859375
0 0.8265625 0.184375 0.1125 0.2703125
0 0.8921875 0.64453125 0.16328125 0.26796875
0 0.73046875 0.08515625 0.10078125 0.1703125
0 0.7359375 0.503125 0.14375 0.23125
0 0.4703125 0.25703125 0.10859375 0.2515625
0 0.69453125 0.28515625 0.1390625 0.2390625
0 0.58046875 0.48671875 0.13046875 0.33125
0 0.45390625 0.07890625 0.0984375 0.1578125
0 0.55546875 0.1234375 0.0703125 0.240625
0 0.46484375 0.459375 0.103125 0.153125
0 0.621875 0.15703125 0.0578125 0.26875
0 0.80078125 0.39609375 0.0671875 0.20859375
0 0.7734375 0.7859375 0.171875 0.365625
0 0.66640625 0.65 0.08671875 0.225
0 0.56328125 0.84765625 0.0578125 0.30390625
0 0.63515625 0.878125 0.05390625 0.20390625
0 0.665625 0.1109375 0.0890625 0.221875
0 0.93125 0.3375 0.09375 0.2578125
0 0.8734375 0.41171875 0.06875 0.19453125
0 0.97265625 0.49375 0.0546875 0.16875
0 0.921875 0.890625 0.071875 0.21875