0 0.42421875 0.40703125 0.21640625 0.734375
0 0.60390625 0.52890625 0.153125 0.28203125
0 0.21328125 0.82265625 0.17734375 0.325
0 0.921875 0.39765625 0.15546875 0.19375
0 0.09375 0.30859375 0.1875 0.6046875
0 0.57578125 0.20625 0.3453125 0.4125
0 0.69296875 0.83984375 0.17421875 0.2375
0 0.8640625 0.17734375 0.2484375 0.34296875
0 0.28203125 0.4234375 0.08125 0.17421875
0 0.48671875 0.86796875 0.075 0.11875
0 0.56953125 0.73203125 0.09140625 0.396875
0 0.25234375 0.1796875 0.21796875 0.359375
0 0.371875 0.90078125 0.140625 0.1984375