0 0.425 0.62265625 0.19453125 0.3640625
0 0.84296875 0.63359375 0.225 0.25859375
0 0.61796875 0.30703125 0.1625 0.32421875
0 0.41328125 0.1390625 0.15234375 0.27578125
0 0.45 0.89375 0.22890625 0.2109375
0 0.3953125 0.3578125 0.07265625 0.19453125
0 0.49375 0.34296875 0.09453125 0.25625
0 0.621875 0.540625 0.15859375 0.2734375
0 0.665625 0.68359375 0.15703125 0.28359375
0 0.72890625 0.2484375 0.1203125 0.2625
0 0.784375 0.13828125 0.0765625 0.2578125
0 0.5125 0.13125 0.08671875 0.17890625
2 0.70546875 0.88046875 0.0796875 0.2390625
2 0.609375 0.92265625 0.08671875 0.1546875