0 0.6140625 0.16640625 0.34609375 0.33125
0 0.1328125 0.34765625 0.2640625 0.23046875
0 0.2515625 0.09296875 0.31953125 0.1859375
0 0.10703125 0.62109375 0.1234375 0.17578125
0 0.421875 0.20625 0.1703125 0.33828125
0 0.31484375 0.27578125 0.1265625 0.2578125
0 0.1296875 0.1609375 0.259375 0.321875
0 0.4125 0.46640625 0.13359375 0.1453125
0 0.6 0.34609375 0.10859375 0.2265625
0 0.7171875 0.35 0.1421875 0.16328125
0 0.2390625 0.54140625 0.17421875 0.17265625
0 0.31953125 0.5703125 0.10234375 0.21484375
0 0.43046875 0.63359375 0.1375 0.17734375
0 0.465625 0.56171875 0.10859375 0.18203125
0 0.5625 0.72734375 0.078125 0.1125
0 0.2125 0.67734375 0.0921875 0.1546875
0 0.26015625 0.6921875 0.05546875 0.13125
0 0.26328125 0.80078125 0.14375 0.1421875
0 0.33984375 0.7265625 0.06875 0.1390625
0 0.3796875 0.7359375 0.06015625 0.1484375
0 0.446875 0.7328125 0.109375 0.1140625
0 0.1859375 0.47265625 0.17109375 0.153125