0 0.50234375 0.51640625 0.1140625 0.20390625
0 0.6453125 0.2140625 0.20234375 0.228125
0 0.4296875 0.22421875 0.14765625 0.23828125
0 0.396875 0.91328125 0.1671875 0.16953125
0 0.79609375 0.25625 0.16171875 0.225
0 0.403125 0.5109375 0.10390625 0.23125
0 0.37578125 0.73203125 0.0921875 0.20546875
0 0.46796875 0.6859375 0.09375 0.28203125
0 0.57109375 0.65078125 0.0921875 0.2609375
0 0.60078125 0.8734375 0.10703125 0.2375
0 0.9 0.30390625 0.11484375 0.28671875
0 0.54921875 0.37421875 0.05234375 0.17734375
0 0.78671875 0.9296875 0.1578125 0.140625
0 0.7453125 0.4796875 0.06953125 0.19140625
0 0.6859375 0.66484375 0.11875 0.21640625
0 0.66171875 0.428125 0.1 0.19296875
0 0.8177083328125001 0.4552469140625 0.8272569437499999 0.4768518515625 0.8376736109375 0.5138888890625 0.8446180562500001 0.5617283953125 0.8428819437499999 0.6033950625 0.840277778125 0.6404320984375 0.8298611109375 0.703703703125 0.824652778125 0.7345679015625 0.8151041671874999 0.7530864187499999 0.8038194437499999 0.7762345671875 0.7743055562500001 0.8194444437499999 0.7595486109375 0.8317901234375 0.7317708328125 0.8395061734375 0.706597221875 0.8364197531249999 0.675347221875 0.8271604937499999 0.6736111109375 0.8611111109375 0.668402778125 0.86419753125 0.671875 0.8827160484375 0.6848958328125 0.884259259375 0.715277778125 0.88580246875 0.737847221875 0.875 0.7708333328125 0.8425925921875 0.7951388890625 0.8086419749999999 0.823784721875 0.76851851875 0.8446180562500001 0.7083333328125 0.8576388890625 0.6419753078125 0.859375 0.6080246921875 0.863715278125 0.5725308640625 0.8576388890625 0.538580246875 0.848090278125 0.47993827187500004 0.839409721875 0.43518518593750005 0.8151041671874999 0.3981481484375 0.7751736109375 0.3796296296875 0.7838541671875 0.42283950625 0.7986111109375 0.43672839531249996 0.8177083328125001 0.4552469140625
0 0.79921875 0.565625 0.07265625 0.2640625
0 0.9125 0.6140625 0.1328125 0.3515625
0 0.89140625 0.85390625 0.16875 0.29140625
0 0.97734375 0.5546875 0.0453125 0.21484375