0 0.18359375 0.27734375 0.26796875 0.3140625
0 0.45390625 0.24765625 0.27890625 0.3359375
0 0.6625 0.81171875 0.16171875 0.22578125
0 0.5953125 0.63125 0.1421875 0.18203125
0 0.67890625 0.07109375 0.21640625 0.1390625
0 0.30625 0.81015625 0.1296875 0.17578125
0 0.33203125 0.47890625 0.14921875 0.134375
0 0.28828125 0.61328125 0.1203125 0.146875
0 0.13984375 0.5609375 0.2078125 0.17421875
0 0.46171875 0.6125 0.1125 0.265625
0 0.4875 0.93203125 0.11171875 0.1359375
0 0.77890625 0.225 0.16875 0.4046875
0 0.68515625 0.31796875 0.1421875 0.40703125
0 0.26953125 0.09609375 0.2203125 0.1921875
0 0.41640625 0.70078125 0.08671875 0.1390625
0 0.38828125 0.6171875 0.071875 0.06484375
0 0.40703125 0.7640625 0.1046875 0.1109375
0 0.153125 0.77734375 0.13125 0.115625
0 0.22578125 0.690625 0.0796875 0.08828125
0 0.09296875 0.83125 0.0921875 0.17421875
0 0.5703125 0.3671875 0.0953125 0.29296875