0 0.6453125 0.13828125 0.165625 0.17109375
0 0.82109375 0.23203125 0.18125 0.38671875
0 0.34453125 0.38359375 0.2671875 0.49375
0 0.5703125 0.39140625 0.12734375 0.20546875
0 0.96328125 0.078125 0.07265625 0.15390625
0 0.425 0.0671875 0.11875 0.134375
0 0.18315972187500001 0.0154320984375 0.17100694375 0.0524691359375 0.16232638906250002 0.08487654375 0.15711805625 0.1111111109375 0.15017361093749998 0.1466049375 0.14496527812499999 0.171296296875 0.15798611093749998 0.2052469140625 0.16059027812499999 0.1898148140625 0.17361111093749998 0.17283950625 0.21006944375 0.1496913578125 0.22829861093749998 0.11882716093750001 0.25 0.078703703125 0.2595486109375 0.055555556250000006 0.2760416671875 0.020061728125 0.29340277812500004 0.004629629687499999 0.1875 0.004629629687499999 0.18663194375 0.004629629687499999 0.18315972187500001 0.0154320984375
0 0.2986111109375 0.006172839062499999 0.2916666671875 0.020061728125 0.28038194375000003 0.0324074078125 0.2682291671875 0.047839506250000004 0.265625 0.0509259265625 0.2578125 0.060185185937499996 0.2552083328125 0.06558641875 0.25434027812500004 0.066358025 0.245659721875 0.08333333281250001 0.234375 0.104938271875 0.230034721875 0.11574074062499999 0.22135416718749998 0.125 0.21006944375 0.134259259375 0.20138888906250002 0.145061728125 0.19184027812499999 0.16512345625 0.18836805625 0.171296296875 0.19097222187500001 0.20061728437499998 0.19097222187500001 0.2145061734375 0.20052083281250002 0.222222221875 0.21180555625 0.22685185156249998 0.22048611093749998 0.229938271875 0.2526041671875 0.23919753125 0.26909722187499996 0.2438271609375 0.2873263890625 0.24845678906250002 0.28993055624999997 0.24845678906250002 0.30381944375000003 0.20061728437499998 0.3177083328125 0.1990740734375 0.3298611109375 0.17283950625 0.33246527812500004 0.155864196875 0.33159722187499996 0.1311728390625 0.34722222187499996 0.0802469140625 0.3515625 0.0740740734375 0.3645833328125 0.0540123453125 0.36805555624999997 0.0432098765625 0.37065972187499996 0.026234567187500002 0.36805555624999997 0.00308641875 0.33680555624999997 0.00308641875 0.3151041671875 0.004629629687499999 0.30381944375000003 0.006172839062499999 0.2986111109375 0.006172839062499999
2 0.64921875 0.61015625 0.13515625 0.125
2 0.5015625 0.70859375 0.1078125 0.1421875
2 0.4671875 0.52421875 0.12578125 0.2703125
2 0.41484375 0.72734375 0.08828125 0.10625
0 0.5265625 0.125 0.13125 0.25