0 0.7359375 0.15546875 0.23125 0.30703125
0 0.11171875 0.31328125 0.2234375 0.2765625
0 0.4109375 0.19296875 0.23203125 0.384375
0 0.37890625 0.58046875 0.15859375 0.33515625
0 0.84609375 0.67890625 0.19375 0.165625
0 0.3625 0.86640625 0.2234375 0.26328125
0 0.9109375 0.47890625 0.17734375 0.32890625
0 0.71796875 0.83046875 0.11875 0.2203125
0 0.6796875 0.378125 0.21328125 0.18125
0 0.12421875 0.85546875 0.18046875 0.28828125
0 0.58125 0.82578125 0.17578125 0.3
0 0.1421875 0.58671875 0.13203125 0.28359375
0 0.309375 0.39296875 0.16640625 0.35625
0 0.11328125 0.21875 0.2265625 0.4375
0 0.2796875 0.1 0.08203125 0.2
0 0.55703125 0.11875 0.17265625 0.23671875
0 0.73203125 0.17734375 0.2234375 0.28359375
0 0.8796875 0.44453125 0.10625 0.3453125
0 0.70859375 0.5703125 0.22890625 0.2359375
0 0.53203125 0.340625 0.1765625 0.35
0 0.5109375 0.6140625 0.21328125 0.33359375
0 0.24765625 0.8140625 0.09296875 0.371875
0 0.821875 0.86171875 0.165625 0.2765625
0 0.06953125 0.63359375 0.1390625 0.3828125