0 0.6640625 0.54609375 0.27265625 0.371875
0 0.7109375 0.10078125 0.1890625 0.2015625
0 0.48828125 0.26328125 0.1953125 0.51171875
0 0.91875 0.6890625 0.09921875 0.18515625
0 0.31640625 0.05078125 0.14140625 0.1015625
0 0.16875 0.58515625 0.23046875 0.2609375
0 0.34765625 0.54453125 0.14921875 0.20859375
0 0.790625 0.18359375 0.16640625 0.1515625
0 0.83046875 0.65390625 0.11484375 0.18984375
0 0.33984375 0.8140625 0.1671875 0.2640625
0 0.13984375 0.14375 0.2515625 0.2875
0 0.08671875 0.32890625 0.14765625 0.1515625
2 0.3142361109375 0.13580246875 0.3020833328125 0.1481481484375 0.28993055624999997 0.171296296875 0.2829861109375 0.1990740734375 0.2786458328125 0.22685185156249998 0.2717013890625 0.25 0.26128472187499996 0.270061728125 0.25694444375000003 0.288580246875 0.2638888890625 0.3317901234375 0.26649305624999997 0.34722222187499996 0.2760416671875 0.36728395156250004 0.28819444375000003 0.3533950625 0.30034722187499996 0.317901234375 0.3098958328125 0.2731481484375 0.3177083328125 0.2438271609375 0.3298611109375 0.20370370312500002 0.3359375 0.1697530859375 0.34027777812500004 0.137345678125 0.33680555624999997 0.12191358125 0.32118055624999997 0.12191358125 0.3142361109375 0.13580246875
0 0.184375 0.3921875 0.14140625 0.1484375
0 0.71171875 0.2859375 0.0875 0.17109375
0 0.6296875 0.31484375 0.103125 0.1546875
0 0.83984375 0.05390625 0.0859375 0.10703125
0 0.51875 0.9203125 0.140625 0.159375
0 0.4625 0.6046875 0.12734375 0.1390625
2 0.48515625 0.70546875 0.128125 0.07109375
0 0.5625 0.82265625 0.159375 0.1421875
0 0.2390625 0.896875 0.1171875 0.20546875