0 0.4953125 0.14921875 0.1390625 0.28984375
0 0.1703125 0.25390625 0.16171875 0.2734375
0 0.3578125 0.57421875 0.24921875 0.1953125
0 0.196875 0.91875 0.09921875 0.1609375
0 0.334375 0.4046875 0.19609375 0.18203125
0 0.315625 0.21875 0.1828125 0.15625
0 0.18828125 0.696875 0.12265625 0.2796875
0 0.3421875 0.7703125 0.14375 0.1328125
0 0.42109375 0.88203125 0.12265625 0.134375
0 0.34140625 0.0734375 0.2140625 0.146875
0 0.0734375 0.26171875 0.146875 0.1890625
2 0.059375 0.43359375 0.11875 0.1328125
0 0.0859375 0.659375 0.171875 0.359375
0 0.16875 0.4671875 0.18125 0.19609375
0 0.46015625 0.31171875 0.10625 0.1359375
0 0.48671875 0.4890625 0.0890625 0.265625