0 0.4359375 0.0640625 0.240625 0.128125
0 0.41015625 0.2640625 0.19609375 0.28671875
0 0.64453125 0.64140625 0.175 0.36640625
0 0.08125 0.33828125 0.16171875 0.18046875
0 0.16875 0.59765625 0.1921875 0.19375
0 0.14765625 0.11015625 0.29296875 0.21875
0 0.37109375 0.78359375 0.20234375 0.3640625
0 0.8734375 0.25703125 0.1046875 0.19296875
0 0.221875 0.27578125 0.18046875 0.2328125
0 0.16640625 0.45703125 0.1578125 0.20390625
0 0.37734375 0.54140625 0.15078125 0.259375
0 0.10625 0.746875 0.1640625 0.28125
0 0.25078125 0.6875 0.08125 0.18046875
0 0.046875 0.540625 0.09375 0.29140625
0 0.2765625 0.8484375 0.10390625 0.19140625
0 0.7703125 0.38203125 0.0921875 0.13125
0 0.80546875 0.45703125 0.090625 0.21015625
0 0.8171875 0.63515625 0.09453125 0.125
0 0.95703125 0.24453125 0.0859375 0.121875
0 0.95078125 0.39765625 0.0984375 0.1578125
0 0.66640625 0.3421875 0.0953125 0.2296875