0 0.51328125 0.13359375 0.1328125 0.2671875
0 0.6359375 0.3390625 0.1359375 0.21171875
0 0.925 0.34140625 0.14921875 0.46328125
2 0.65234375 0.12578125 0.14921875 0.21640625
0 0.221875 0.1453125 0.14296875 0.2375
2 0.07578125 0.1953125 0.15078125 0.353125
0 0.20546875 0.47734375 0.09921875 0.125
0 0.41953125 0.4609375 0.07109375 0.06640625
0 0.42109375 0.51953125 0.0703125 0.08828125
0 0.5671875 0.5421875 0.08671875 0.19921875
0 0.54140625 0.32734375 0.04765625 0.17890625
0 0.71484375 0.27578125 0.0515625 0.29140625
0 0.77578125 0.553125 0.08671875 0.14375
0 0.6453125 0.6421875 0.075 0.1390625
2 0.29921875 0.52265625 0.08125 0.103125
2 0.34765625 0.04453125 0.11875 0.0890625
0 0.40390625 0.22109375 0.0515625 0.33828125
0 0.2625 0.28984375 0.121875 0.1140625
0 0.6296875 0.33671875 0.1234375 0.225
0 0.646875 0.51171875 0.07109375 0.15
0 0.75703125 0.49296875 0.07578125 0.11875
0 0.72734375 0.646875 0.11640625 0.18515625
0 0.88125 0.6359375 0.09296875 0.17265625
0 0.3375 0.2046875 0.09375 0.17421875