0 0.23203125 0.078125 0.2421875 0.15625
0 0.36640625 0.8609375 0.15625 0.20625
0 0.23515625 0.23203125 0.16953125 0.17421875
0 0.2359375 0.42890625 0.14921875 0.23125
0 0.35078125 0.35625 0.1046875 0.221875
0 0.4734375 0.29453125 0.14921875 0.1484375
0 0.475 0.42578125 0.13046875 0.0953125
0 0.29296875 0.63671875 0.165625 0.21796875
0 0.62734375 0.25703125 0.1390625 0.17421875
0 0.43046875 0.05703125 0.1890625 0.1109375
0 0.39609375 0.175 0.13203125 0.125
0 0.53828125 0.1546875 0.1734375 0.1328125
0 0.7546875 0.29453125 0.14140625 0.20390625
0 0.66640625 0.509375 0.10703125 0.17578125
0 0.59609375 0.42109375 0.1390625 0.1171875
0 0.75546875 0.459375 0.10234375 0.115625
0 0.73828125 0.57421875 0.0703125 0.1015625
0 0.4982638890625 0 0.5416666671875 0.0648148140625 0.578125 0.09567901250000001 0.6015625 0.11265432187499999 0.6397569437499999 0.13580246875 0.6927083328125 0.1604938265625 0.7161458328125 0.14351851875 0.723090278125 0.1311728390625 0.7274305562500001 0.1172839515625 0.7248263890625 0.10185185156250001 0.7170138890625 0.06944444375 0.7022569437499999 0.035493826562500004 0.698784721875 0.00308641875 0.690972221875 0 0.4982638890625 0
0 0.5390625 0.571875 0.1375 0.15859375
0 0.42890625 0.5640625 0.1046875 0.13125
0 0.4109375 0.71796875 0.07890625 0.1546875
0 0.840625 0.0859375 0.228125 0.17109375
0 0.921875 0.1265625 0.15625 0.071875
0 0.85234375 0.22109375 0.12421875 0.05703125
0 0.853125 0.2890625 0.08125 0.06640625
0 0.940625 0.3234375 0.11875 0.20859375
0 0.8546875 0.43984375 0.1125 0.19765625
0 0.48203125 0.75234375 0.084375 0.19609375
0 0.58359375 0.7671875 0.13125 0.1359375
0 0.90703125 0.55546875 0.09453125 0.1109375
0 0.95859375 0.465625 0.06953125 0.109375
0 0.79375 0.68203125 0.1046875 0.1359375
0 0.66015625 0.6625 0.09453125 0.09140625
0 0.7109375 0.7203125 0.07109375 0.0984375
0 0.8765625 0.65234375 0.08828125 0.08828125