0 0.61015625 0.28828125 0.2296875 0.3640625
0 0.20546875 0.190625 0.25234375 0.24375
0 0.20546875 0.49765625 0.38515625 0.4234375
0 0.7296875 0.86640625 0.15546875 0.171875
0 0.6359375 0.55390625 0.1421875 0.20078125
0 0.41640625 0.25703125 0.2078125 0.2484375
0 0.41328125 0.45 0.253125 0.2671875
0 0.5171875 0.5953125 0.1390625 0.1296875
0 0.503125 0.80703125 0.103125 0.31171875
0 0.61796875 0.753125 0.11015625 0.24375
0 0.35703125 0.79921875 0.12734375 0.221875
0 0.75703125 0.31171875 0.215625 0.41015625
0 0.78046875 0.61328125 0.1265625 0.109375
0 0.85234375 0.65 0.09296875 0.1484375
0 0.71640625 0.7 0.15546875 0.16484375
0 0.7828125 0.75859375 0.09140625 0.08515625