0 0.56953125 0.56640625 0.30234375 0.48125
0 0.81640625 0.328125 0.21640625 0.228125
0 0.85859375 0.0859375 0.2015625 0.16796875
0 0.89765625 0.71953125 0.20390625 0.36015625
0 0.47734375 0.17890625 0.15703125 0.31796875
0 0.6265625 0.215625 0.15078125 0.2734375
0 0.66484375 0.08125 0.2421875 0.1625
0 0.73125 0.234375 0.0921875 0.228125
0 0.77578125 0.621875 0.11015625 0.2375
0 0.75625 0.8078125 0.109375 0.20546875
0 0.96875 0.353125 0.0625 0.3625
0 0.95234375 0.1515625 0.0953125 0.1421875
0 0.96171875 0.84140625 0.0765625 0.17109375