0 0.26796875 0.1234375 0.26328125 0.24609375
0 0.6390625 0.10859375 0.1890625 0.215625
0 0.8359375 0.05859375 0.15 0.1171875
0 0.61015625 0.353125 0.11484375 0.25703125
0 0.925 0.38125 0.1484375 0.33828125
0 0.86796875 0.653125 0.10546875 0.1609375
0 0.59375 0.61171875 0.07265625 0.25546875
0 0.19140625 0.56875 0.11796875 0.18671875
0 0.2453125 0.896875 0.10390625 0.1640625
0 0.453125 0.23515625 0.1734375 0.4703125
0 0.2609375 0.3359375 0.1765625 0.39375
0 0.665625 0.534375 0.09609375 0.2265625
0 0.68046875 0.696875 0.10703125 0.15859375
0 0.5546875 0.74453125 0.07265625 0.1125
0 0.46171875 0.67109375 0.06953125 0.1265625
0 0.4296875 0.7359375 0.08125 0.15703125
0 0.4859375 0.8578125 0.07734375 0.1046875
0 0.4234375 0.87578125 0.06953125 0.121875
0 0.61171875 0.89765625 0.0703125 0.17109375
0 0.71953125 0.80390625 0.10078125 0.1234375
0 0.19296875 0.7640625 0.15078125 0.23125
0 0.3140625 0.6859375 0.1265625 0.33203125
0 0.78046875 0.346875 0.134375 0.20703125
0 0.775 0.64296875 0.1140625 0.19296875