0 0.23359375 0.08828125 0.26484375 0.1765625
0 0.83671875 0.67265625 0.2015625 0.53984375
0 0.47265625 0.56953125 0.14140625 0.21015625
2 0.36328125 0.640625 0.1046875 0.17890625
2 0.21953125 0.65625 0.08046875 0.1234375
2 0.0734375 0.62578125 0.0640625 0.103125
0 0.3734375 0.2546875 0.171875 0.32109375
0 0.2390625 0.290625 0.1484375 0.2234375
0 0.1 0.29140625 0.11484375 0.1421875
0 0.0984375 0.1578125 0.196875 0.19296875
2 0.50546875 0.053125 0.3015625 0.10625
0 0.5453125 0.27265625 0.17109375 0.153125
0 0.53359375 0.1609375 0.128125 0.109375
0 0.62734375 0.0875 0.128125 0.17421875
0 0.03125 0.47578125 0.0625 0.2796875
0 0.03671875 0.67578125 0.0734375 0.19296875
0 0.1234375 0.70625 0.103125 0.2390625
0 0.11875 0.49609375 0.11953125 0.16171875
0 0.24140625 0.5 0.10078125 0.17265625
0 0.73515625 0.1703125 0.1171875 0.2390625