0 0.296875 0.15625 0.175 0.30625
0 0.80234375 0.18828125 0.15390625 0.25625
0 0.325 0.66875 0.18203125 0.23671875
0 0.61484375 0.38671875 0.24921875 0.3390625
0 0.45625 0.0609375 0.2109375 0.12109375
0 0.4625 0.228125 0.109375 0.253125
0 0.55 0.21640625 0.065625 0.24375
0 0.1765625 0.55390625 0.09296875 0.15703125
2 0.22421875 0.709375 0.0453125 0.16796875
2 0.20390625 0.80859375 0.1140625 0.1078125
2 0.14609375 0.6921875 0.18515625 0.1125
2 0.109375 0.8484375 0.140625 0.1015625
0 0.328125 0.42265625 0.14609375 0.30234375
0 0.77421875 0.46171875 0.109375 0.21015625
0 0.73125 0.5015625 0.096875 0.21875
0 0.67734375 0.54765625 0.0859375 0.234375
0 0.6375 0.6359375 0.08671875 0.18828125
0 0.5921875 0.628125 0.0734375 0.15703125
0 0.55546875 0.68125 0.03984375 0.121875
0 0.5296875 0.7265625 0.04609375 0.1359375
0 0.48203125 0.7578125 0.07734375 0.17265625
0 0.46171875 0.625 0.10703125 0.1171875
0 0.415625 0.7203125 0.0765625 0.1015625
0 0.41328125 0.77578125 0.07734375 0.08828125
0 0.40703125 0.83984375 0.06796875 0.1078125
0 0.37421875 0.85859375 0.06328125 0.1
0 0.29296875 0.8484375 0.13828125 0.1515625
0 0.46171875 0.50234375 0.14140625 0.2359375
0 0.65078125 0.21015625 0.1109375 0.225
0 0.6953125 0.14609375 0.153125 0.2921875
0 0.06796875 0.65 0.128125 0.1546875