0 0.40859375 0.29765625 0.1859375 0.35078125
0 0.55390625 0.13203125 0.1515625 0.2640625
0 0.84453125 0.48046875 0.2171875 0.36484375
0 0.90390625 0.13359375 0.19140625 0.2640625
0 0.85625 0.79765625 0.23984375 0.2765625
0 0.18203125 0.44453125 0.14453125 0.20078125
0 0.2359375 0.090625 0.16796875 0.17890625
0 0.6078125 0.34609375 0.1609375 0.20546875
0 0.05859375 0.25703125 0.11640625 0.29296875
0 0.67265625 0.59296875 0.13828125 0.23046875
0 0.39375 0.64140625 0.09375 0.20546875
0 0.38125 0.06171875 0.16953125 0.1234375
2 0.19375 0.278125 0.1484375 0.1484375
0 0.31484375 0.75859375 0.12265625 0.2796875
2 0.3140625 0.3421875 0.10703125 0.2265625
2 0.10859375 0.51796875 0.1296875 0.15625
2 0.53125 0.696875 0.14375 0.14375
2 0.578125 0.7578125 0.07265625 0.1359375
2 0.696875 0.80078125 0.14296875 0.17578125
0 0.7265625 0.1171875 0.21015625 0.234375
2 0.4982638890625 0.4830246921875 0.4921875 0.5061728390625 0.48090277812500004 0.5432098765625 0.4609375 0.558641975 0.4375 0.5725308640625 0.4479166671875 0.5910493828125001 0.47743055625 0.58487654375 0.49913194375 0.5648148140625 0.5217013890625 0.512345678125 0.5208333328125 0.442901234375 0.5251736109375 0.433641975 0.5086805562500001 0.45216049375 0.4982638890625 0.4830246921875
2 0.2046875 0.7984375 0.10625 0.13125