0 0.37578125 0.20390625 0.2546875 0.40625
0 0.6875 0.08828125 0.1984375 0.1765625
0 0.7015625 0.62890625 0.1421875 0.28828125
0 0.684375 0.31171875 0.18671875 0.26484375
0 0.846875 0.58515625 0.14609375 0.26484375
0 0.54375 0.51953125 0.12734375 0.1265625
0 0.41328125 0.63359375 0.13203125 0.20859375
0 0.50859375 0.090625 0.14140625 0.18125
0 0.58203125 0.28984375 0.146875 0.3453125
0 0.35 0.4625 0.1140625 0.33828125
0 0.5890625 0.5921875 0.1484375 0.18671875
0 0.50234375 0.64375 0.096875 0.16328125
0 0.46015625 0.78125 0.13515625 0.17578125
0 0.7640625 0.3453125 0.1296875 0.31171875
0 0.465625 0.46640625 0.12578125 0.17890625
0 0.86796875 0.3359375 0.1296875 0.2328125
0 0.60390625 0.77890625 0.128125 0.140625
0 0.65390625 0.84375 0.16484375 0.1296875
0 0.7796875 0.74765625 0.08515625 0.16484375
0 0.94921875 0.709375 0.1015625 0.2546875