0 0.6796875 0.17421875 0.28671875 0.3359375
0 0.56171875 0.88671875 0.24375 0.225
0 0.2015625 0.77734375 0.403125 0.4421875
0 0.5625 0.48671875 0.31328125 0.38671875
0 0.93671875 0.69765625 0.12578125 0.425
0 0.13125 0.12265625 0.2625 0.2421875
0 0.9234375 0.32578125 0.1515625 0.34296875
0 0.775 0.77265625 0.1515625 0.125
0 0.76484375 0.91640625 0.16796875 0.16484375
0 0.39140625 0.15859375 0.31875 0.15703125
0 0.30859375 0.4375 0.38984375 0.35625
0 0.76875 0.53046875 0.14140625 0.2390625
0 0.42421875 0.05078125 0.40546875 0.1015625
0 0.853125 0.134375 0.29375 0.26875
0 0.05703125 0.4046875 0.1140625 0.365625