0 0.85625 0.68828125 0.2328125 0.30078125
0 0.44765625 0.7515625 0.22578125 0.315625
0 0.7 0.50859375 0.14375 0.36015625
0 0.11953125 0.18125 0.2390625 0.28046875
0 0.51484375 0.38515625 0.140625 0.228125
0 0.72421875 0.95859375 0.10625 0.08125
0 0.8640625 0.39140625 0.18125 0.26640625
0 0.50078125 0.134375 0.16171875 0.26875
0 0.23046875 0.53046875 0.10546875 0.321875
0 0.4046875 0.23828125 0.065625 0.35
0 0.33984375 0.1234375 0.11953125 0.24609375
0 0.43984375 0.48671875 0.17890625 0.16796875
0 0.5984375 0.65703125 0.12421875 0.29609375
0 0.6921875 0.27734375 0.2015625 0.44609375
0 0.48515625 0.93125 0.13359375 0.1375
0 0.59921875 0.89921875 0.084375 0.20078125
0 0.28984375 0.29140625 0.1234375 0.20390625
0 0.71796875 0.78125 0.1234375 0.18203125
0 0.8078125 0.13359375 0.20078125 0.2671875
0 0.3015625 0.5203125 0.10625 0.29609375
0 0.234375 0.75703125 0.065625 0.21171875