0 0.93359375 0.2765625 0.12109375 0.14921875
0 0.46640625 0.728125 0.17265625 0.16328125
0 0.20546875 0.76171875 0.1921875 0.2296875
2 0.825 0.56875 0.19375 0.2453125
0 0.30078125 0.0578125 0.60078125 0.115625
0 0.34921875 0.3015625 0.1 0.06953125
0 0.45859375 0.44140625 0.0625 0.1328125
0 0.5828125 0.5 0.0796875 0.20703125
0 0.7828125 0.84140625 0.1421875 0.1328125
0 0.678125 0.671875 0.0421875 0.21796875
0 0.61875 0.775 0.1109375 0.1203125
0 0.63203125 0.66640625 0.05546875 0.1484375
0 0.47109375 0.5625 0.109375 0.08203125
0 0.2953125 0.66171875 0.13984375 0.21640625
0 0.38046875 0.47890625 0.06796875 0.2765625
0 0.93125 0.7984375 0.1375 0.196875